      26.500000             1.0
      27.550000             1.0
      28.600000             1.0
      29.650000             1.0
      30.700000             1.0
      31.750000             1.0
      32.800000             1.0
      33.850000             1.0
      40.950000             1.0
      42.000000             1.0
      43.050000             1.0
      44.100000             1.0
      45.150000             1.0
      55.350000             1.0
      56.400000             1.0
      57.450000             1.0
      58.500000             1.0
      59.550000             1.0
      69.700000             1.0
      70.750000             1.0
      71.800000             1.0
      72.850000             1.0
      83.900000             1.0
      84.950000             1.0
      86.000000             1.0
      87.050000             1.0
      98.200000             1.0
      99.250000             1.0
     100.300000             1.0
     101.350000             1.0
     112.500000             1.0
     113.550000             1.0
     114.600000             1.0
     115.650000             1.0
     126.800000             1.0
     127.850000             1.0
     128.900000             1.0
     129.950000             1.0
     141.100000             1.0
     142.150000             1.0
     143.200000             1.0
     144.250000             1.0
     155.400000             1.0
     156.450000             1.0
     157.500000             1.0
     158.550000             1.0
     169.650000             1.0
     170.700000             1.0
     171.750000             1.0
     172.800000             1.0
     183.950000             1.0
     185.000000             1.0
     186.050000             1.0
     187.100000             1.0
     198.300000             1.0
     199.350000             1.0
     200.400000             1.0
     201.450000             1.0
     212.600000             1.0
     213.650000             1.0
     214.700000             1.0
     215.750000             1.0
     226.900000             1.0
     227.950000             1.0
     229.000000             1.0
     230.050000             1.0
     241.150000             1.0
     242.200000             1.0
     243.250000             1.0
     244.300000             1.0
     255.450000             1.0
     256.500000             1.0
     257.550000             1.0
     258.600000             1.0
     269.800000             1.0
     270.850000             1.0
     271.900000             1.0
     272.950000             1.0
     284.100000             1.0
     285.150000             1.0
     286.200000             1.0
     287.250000             1.0
     298.400000             1.0
     299.450000             1.0
     300.500000             1.0
     301.550000             1.0
     312.700000             1.0
     313.750000             1.0
     314.800000             1.0
     315.850000             1.0
     327.000000             1.0
     328.050000             1.0
     329.100000             1.0
     330.150000             1.0
     341.300000             1.0
     342.350000             1.0
     343.400000             1.0
     344.450000             1.0
     355.600000             1.0
     356.650000             1.0
     357.700000             1.0
     358.750000             1.0
     369.900000             1.0
     370.950000             1.0
     372.000000             1.0
     373.050000             1.0
     384.200000             1.0
     385.250000             1.0
     386.300000             1.0
     387.350000             1.0
     398.500000             1.0
     399.550000             1.0
     400.600000             1.0
     401.650000             1.0
     412.800000             1.0
     413.850000             1.0
     414.900000             1.0
     415.950000             1.0
     427.100000             1.0
     428.150000             1.0
     429.200000             1.0
     430.250000             1.0
     441.400000             1.0
     442.450000             1.0
     443.500000             1.0
     444.550000             1.0
     455.700000             1.0
     456.750000             1.0
     457.800000             1.0
     458.850000             1.0
     470.000000             1.0
     471.050000             1.0
     472.100000             1.0
     473.150000             1.0
     484.300000             1.0
     485.350000             1.0
     486.400000             1.0
     487.450000             1.0
     498.600000             1.0
     499.650000             1.0
     500.700000             1.0
     501.750000             1.0
     512.900000             1.0
     513.950000             1.0
     515.000000             1.0
     516.050000             1.0
     527.200000             1.0
     528.250000             1.0
     529.300000             1.0
     530.350000             1.0
     541.500000             1.0
     542.550000             1.0
     543.600000             1.0
     544.650000             1.0
     555.800000             1.0
     556.850000             1.0
     557.900000             1.0
     558.950000             1.0
     570.100000             1.0
     571.150000             1.0
     572.200000             1.0
     573.250000             1.0
     584.400000             1.0
     585.450000             1.0
     586.500000             1.0
     587.550000             1.0
     598.700000             1.0
     599.750000             1.0
     600.800000             1.0
     601.850000             1.0
     613.000000             1.0
     614.050000             1.0
     615.100000             1.0
     616.150000             1.0
     627.300000             1.0
     628.350000             1.0
     629.400000             1.0
     630.450000             1.0
     641.600000             1.0
     642.650000             1.0
     643.700000             1.0
     644.750000             1.0
     655.900000             1.0
     656.950000             1.0
     658.000000             1.0
     659.050000             1.0
     670.200000             1.0
     671.250000             1.0
     672.300000             1.0
     673.350000             1.0
     684.500000             1.0
     685.550000             1.0
     686.600000             1.0
     687.650000             1.0
     698.800000             1.0
     699.850000             1.0
     700.900000             1.0
     701.950000             1.0
     713.100000             1.0
     714.150000             1.0
     715.200000             1.0
     716.250000             1.0
     727.400000             1.0
     728.450000             1.0
     729.500000             1.0
     730.550000             1.0
     741.700000             1.0
     742.750000             1.0
     743.800000             1.0
     744.850000             1.0
     756.000000             1.0
     757.050000             1.0
     758.100000             1.0
     759.150000             1.0
     770.300000             1.0
     771.350000             1.0
     772.400000             1.0
     773.450000             1.0
     784.600000             1.0
     785.650000             1.0
     786.700000             1.0
     787.750000             1.0
     798.900000             1.0
     799.950000             1.0
     801.000000             1.0
     802.050000             1.0
     813.200000             1.0
     814.250000             1.0
     815.300000             1.0
     816.350000             1.0
     827.500000             1.0
     828.550000             1.0
     829.600000             1.0
     830.650000             1.0
     841.800000             1.0
     842.850000             1.0
     843.900000             1.0
     844.950000             1.0
     856.100000             1.0
     857.150000             1.0
     858.200000             1.0
     859.250000             1.0
     870.400000             1.0
     871.450000             1.0
     872.500000             1.0
     873.550000             1.0
     884.700000             1.0
     885.750000             1.0
     886.800000             1.0
     887.850000             1.0
     899.000000             1.0
     900.050000             1.0
     901.100000             1.0
     902.150000             1.0
     913.300000             1.0
     914.350000             1.0
     915.400000             1.0
     916.450000             1.0
     927.600000             1.0
     928.650000             1.0
     929.700000             1.0
     930.750000             1.0
     941.900000             1.0
     942.950000             1.0
     944.000000             1.0
     945.050000             1.0
     956.200000             1.0
     957.250000             1.0
     958.300000             1.0
     959.350000             1.0
     970.450000             1.0
     971.500000             1.0
     972.550000             1.0
     973.600000             1.0
     984.800000             1.0
     985.850000             1.0
     986.900000             1.0
     987.950000             1.0
     999.100000             1.0
      27.900000             2.0
      28.950000             2.0
      30.000000             2.0
      31.050000             2.0
      32.050000             2.0
      33.100000             2.0
      34.150000             2.0
      42.650000             2.0
      43.700000             2.0
      44.750000             2.0
      45.800000             2.0
      57.150000             2.0
      58.200000             2.0
      59.250000             2.0
      71.550000             2.0
      72.600000             2.0
      73.750000             2.0
      85.950000             2.0
      87.000000             2.0
     100.150000             2.0
     101.200000             2.0
     102.550000             2.0
     114.600000             2.0
     115.700000             2.0
     128.800000             2.0
     129.850000             2.0
     131.400000             2.0
     143.250000             2.0
     144.350000             2.0
     157.400000             2.0
     158.450000             2.0
     160.100000             2.0
     171.850000             2.0
     173.000000             2.0
     186.000000             2.0
     187.050000             2.0
     188.600000             2.0
     200.450000             2.0
     201.600000             2.0
     214.650000             2.0
     215.700000             2.0
     228.850000             2.0
     229.900000             2.0
     231.300000             2.0
     243.350000             2.0
     244.500000             2.0
     257.500000             2.0
     258.550000             2.0
     271.750000             2.0
     272.800000             2.0
     274.350000             2.0
     286.250000             2.0
     287.400000             2.0
     300.450000             2.0
     301.500000             2.0
     314.700000             2.0
     315.750000             2.0
     317.350000             2.0
     329.150000             2.0
     330.300000             2.0
     343.350000             2.0
     344.400000             2.0
     357.600000             2.0
     358.650000             2.0
     360.250000             2.0
     372.050000             2.0
     373.200000             2.0
     386.250000             2.0
     387.300000             2.0
     400.500000             2.0
     401.550000             2.0
     403.150000             2.0
     414.950000             2.0
     416.100000             2.0
     429.150000             2.0
     430.200000             2.0
     443.400000             2.0
     444.450000             2.0
     446.050000             2.0
     457.850000             2.0
     459.000000             2.0
     472.050000             2.0
     473.100000             2.0
     486.300000             2.0
     487.350000             2.0
     488.950000             2.0
     500.750000             2.0
     501.900000             2.0
     514.950000             2.0
     516.000000             2.0
     529.200000             2.0
     530.250000             2.0
     531.850000             2.0
     543.650000             2.0
     544.800000             2.0
     557.850000             2.0
     558.900000             2.0
     572.100000             2.0
     573.150000             2.0
     574.750000             2.0
     586.550000             2.0
     587.700000             2.0
     600.750000             2.0
     601.800000             2.0
     615.000000             2.0
     616.050000             2.0
     617.650000             2.0
     629.450000             2.0
     630.600000             2.0
     643.650000             2.0
     644.700000             2.0
     657.900000             2.0
     658.950000             2.0
     660.550000             2.0
     672.350000             2.0
     673.500000             2.0
     686.550000             2.0
     687.600000             2.0
     700.800000             2.0
     701.850000             2.0
     703.450000             2.0
     715.250000             2.0
     716.400000             2.0
     729.450000             2.0
     730.500000             2.0
     743.700000             2.0
     744.750000             2.0
     746.350000             2.0
     758.150000             2.0
     759.300000             2.0
     772.350000             2.0
     773.400000             2.0
     786.600000             2.0
     787.650000             2.0
     789.250000             2.0
     801.050000             2.0
     802.200000             2.0
     815.250000             2.0
     816.300000             2.0
     829.500000             2.0
     830.550000             2.0
     832.150000             2.0
     843.950000             2.0
     845.100000             2.0
     858.150000             2.0
     859.200000             2.0
     872.400000             2.0
     873.450000             2.0
     875.050000             2.0
     886.850000             2.0
     888.000000             2.0
     901.050000             2.0
     902.100000             2.0
     915.300000             2.0
     916.350000             2.0
     917.950000             2.0
     929.650000             2.0
     930.800000             2.0
     943.950000             2.0
     945.000000             2.0
     958.200000             2.0
     959.250000             2.0
     960.850000             2.0
     972.650000             2.0
     973.800000             2.0
     986.850000             2.0
     987.900000             2.0
      28.250000             3.0
      29.300000             3.0
      30.350000             3.0
      31.400000             3.0
      32.450000             3.0
      33.500000             3.0
      42.750000             3.0
      43.800000             3.0
      44.850000             3.0
      45.900000             3.0
      57.350000             3.0
      58.400000             3.0
      59.600000             3.0
      71.800000             3.0
      72.850000             3.0
      86.100000             3.0
      87.200000             3.0
     100.450000             3.0
     101.550000             3.0
     114.750000             3.0
     115.850000             3.0
     129.100000             3.0
     130.200000             3.0
     143.400000             3.0
     144.500000             3.0
     157.700000             3.0
     158.900000             3.0
     172.000000             3.0
     173.150000             3.0
     186.300000             3.0
     187.400000             3.0
     200.600000             3.0
     201.800000             3.0
     214.900000             3.0
     216.050000             3.0
     229.200000             3.0
     230.400000             3.0
     243.500000             3.0
     244.650000             3.0
     257.800000             3.0
     259.000000             3.0
     272.100000             3.0
     273.300000             3.0
     286.450000             3.0
     287.650000             3.0
     300.750000             3.0
     301.950000             3.0
     315.050000             3.0
     316.250000             3.0
     329.350000             3.0
     330.550000             3.0
     343.650000             3.0
     344.850000             3.0
     357.950000             3.0
     359.150000             3.0
     372.250000             3.0
     373.450000             3.0
     386.550000             3.0
     387.750000             3.0
     400.850000             3.0
     402.050000             3.0
     415.150000             3.0
     416.350000             3.0
     429.450000             3.0
     430.650000             3.0
     443.750000             3.0
     444.950000             3.0
     458.050000             3.0
     459.250000             3.0
     472.350000             3.0
     473.550000             3.0
     486.650000             3.0
     487.850000             3.0
     500.950000             3.0
     502.150000             3.0
     515.250000             3.0
     516.450000             3.0
     529.550000             3.0
     530.750000             3.0
     543.850000             3.0
     545.050000             3.0
     558.150000             3.0
     559.350000             3.0
     572.450000             3.0
     573.650000             3.0
     586.750000             3.0
     587.950000             3.0
     601.050000             3.0
     602.250000             3.0
     615.350000             3.0
     616.550000             3.0
     629.650000             3.0
     630.850000             3.0
     643.950000             3.0
     645.150000             3.0
     658.250000             3.0
     659.450000             3.0
     672.550000             3.0
     673.750000             3.0
     686.850000             3.0
     688.050000             3.0
     701.150000             3.0
     702.350000             3.0
     715.450000             3.0
     716.650000             3.0
     729.750000             3.0
     730.950000             3.0
     744.050000             3.0
     745.250000             3.0
     758.350000             3.0
     759.550000             3.0
     772.650000             3.0
     773.850000             3.0
     786.950000             3.0
     788.150000             3.0
     801.250000             3.0
     802.450000             3.0
     815.550000             3.0
     816.750000             3.0
     829.850000             3.0
     831.050000             3.0
     844.150000             3.0
     845.350000             3.0
     858.450000             3.0
     859.650000             3.0
     872.750000             3.0
     873.950000             3.0
     887.050000             3.0
     888.250000             3.0
     901.350000             3.0
     902.550000             3.0
     915.650000             3.0
     916.850000             3.0
     929.950000             3.0
     931.150000             3.0
     944.250000             3.0
     945.450000             3.0
     958.550000             3.0
     959.750000             3.0
     967.050000             3.0
     972.750000             3.0
     974.400000             3.0
     987.250000             3.0
     988.600000             3.0
      28.300000             4.0
      29.350000             4.0
      30.400000             4.0
      31.450000             4.0
      32.500000             4.0
      33.550000             4.0
      42.850000             4.0
      43.900000             4.0
      44.950000             4.0
      57.350000             4.0
      58.400000             4.0
      59.500000             4.0
      71.850000             4.0
      73.000000             4.0
      86.200000             4.0
      87.350000             4.0
     100.550000             4.0
     101.750000             4.0
     114.900000             4.0
     116.150000             4.0
     129.250000             4.0
     130.500000             4.0
     143.550000             4.0
     144.850000             4.0
     157.850000             4.0
     159.150000             4.0
     172.150000             4.0
     173.400000             4.0
     186.450000             4.0
     187.750000             4.0
     200.750000             4.0
     202.000000             4.0
     215.050000             4.0
     216.300000             4.0
     229.350000             4.0
     230.650000             4.0
     243.650000             4.0
     244.900000             4.0
     257.950000             4.0
     259.250000             4.0
     272.300000             4.0
     273.600000             4.0
     286.600000             4.0
     287.950000             4.0
     300.900000             4.0
     302.250000             4.0
     315.200000             4.0
     316.550000             4.0
     329.500000             4.0
     330.850000             4.0
     343.800000             4.0
     345.150000             4.0
     358.100000             4.0
     359.450000             4.0
     372.400000             4.0
     373.750000             4.0
     386.700000             4.0
     388.050000             4.0
     401.000000             4.0
     402.350000             4.0
     415.300000             4.0
     416.650000             4.0
     429.600000             4.0
     430.950000             4.0
     443.900000             4.0
     445.250000             4.0
     458.200000             4.0
     459.550000             4.0
     472.500000             4.0
     473.850000             4.0
     486.800000             4.0
     488.150000             4.0
     501.100000             4.0
     502.450000             4.0
     515.400000             4.0
     516.750000             4.0
     529.700000             4.0
     531.050000             4.0
     544.000000             4.0
     545.350000             4.0
     558.300000             4.0
     559.650000             4.0
     572.600000             4.0
     573.950000             4.0
     586.900000             4.0
     588.250000             4.0
     601.200000             4.0
     602.550000             4.0
     615.500000             4.0
     616.850000             4.0
     629.800000             4.0
     631.150000             4.0
     644.100000             4.0
     645.450000             4.0
     658.400000             4.0
     659.750000             4.0
     672.700000             4.0
     674.050000             4.0
     687.000000             4.0
     688.350000             4.0
     701.300000             4.0
     702.650000             4.0
     715.600000             4.0
     716.950000             4.0
     729.900000             4.0
     731.250000             4.0
     744.200000             4.0
     745.550000             4.0
     758.500000             4.0
     759.850000             4.0
     772.800000             4.0
     774.150000             4.0
     787.100000             4.0
     788.450000             4.0
     801.400000             4.0
     802.750000             4.0
     815.700000             4.0
     817.050000             4.0
     830.000000             4.0
     831.350000             4.0
     844.300000             4.0
     845.650000             4.0
     858.600000             4.0
     859.950000             4.0
     872.900000             4.0
     874.250000             4.0
     887.200000             4.0
     888.550000             4.0
     901.500000             4.0
     902.850000             4.0
     908.850000             4.0
     915.800000             4.0
     917.750000             4.0
     930.200000             4.0
     931.700000             4.0
     944.450000             4.0
     945.850000             4.0
     958.700000             4.0
     960.050000             4.0
     973.000000             4.0
     974.350000             4.0
     987.300000             4.0
     988.650000             4.0
      28.350000             5.0
      29.400000             5.0
      30.450000             5.0
      31.500000             5.0
      32.550000             5.0
      33.600000             5.0
      42.900000             5.0
      43.950000             5.0
      45.000000             5.0
      57.400000             5.0
      58.450000             5.0
      59.650000             5.0
      71.950000             5.0
      73.150000             5.0
      86.300000             5.0
      87.550000             5.0
     100.650000             5.0
     101.950000             5.0
     115.000000             5.0
     116.300000             5.0
     129.350000             5.0
     130.650000             5.0
     143.650000             5.0
     144.950000             5.0
     157.950000             5.0
     159.350000             5.0
     172.250000             5.0
     173.600000             5.0
     186.550000             5.0
     187.900000             5.0
     200.850000             5.0
     202.250000             5.0
     215.150000             5.0
     216.500000             5.0
     229.450000             5.0
     230.850000             5.0
     243.750000             5.0
     245.100000             5.0
     258.050000             5.0
     259.500000             5.0
     272.400000             5.0
     273.850000             5.0
     286.700000             5.0
     288.150000             5.0
     301.000000             5.0
     302.450000             5.0
     315.300000             5.0
     316.750000             5.0
     329.600000             5.0
     331.050000             5.0
     343.900000             5.0
     345.350000             5.0
     358.200000             5.0
     359.650000             5.0
     372.500000             5.0
     373.950000             5.0
     386.800000             5.0
     388.250000             5.0
     401.100000             5.0
     402.550000             5.0
     415.400000             5.0
     416.850000             5.0
     429.700000             5.0
     431.150000             5.0
     444.000000             5.0
     445.450000             5.0
     458.300000             5.0
     459.750000             5.0
     472.600000             5.0
     474.050000             5.0
     486.900000             5.0
     488.350000             5.0
     501.200000             5.0
     502.650000             5.0
     515.500000             5.0
     516.950000             5.0
     529.800000             5.0
     531.250000             5.0
     544.100000             5.0
     545.550000             5.0
     558.400000             5.0
     559.850000             5.0
     572.700000             5.0
     574.150000             5.0
     587.000000             5.0
     588.450000             5.0
     601.300000             5.0
     602.750000             5.0
     615.600000             5.0
     617.050000             5.0
     629.900000             5.0
     631.350000             5.0
     644.200000             5.0
     645.650000             5.0
     658.500000             5.0
     659.950000             5.0
     672.800000             5.0
     674.250000             5.0
     687.100000             5.0
     688.550000             5.0
     701.400000             5.0
     702.850000             5.0
     715.700000             5.0
     717.150000             5.0
     730.000000             5.0
     731.450000             5.0
     744.300000             5.0
     745.750000             5.0
     758.600000             5.0
     760.050000             5.0
     772.900000             5.0
     774.350000             5.0
     787.200000             5.0
     788.650000             5.0
     801.500000             5.0
     802.950000             5.0
     815.800000             5.0
     817.250000             5.0
     830.100000             5.0
     831.550000             5.0
     844.400000             5.0
     845.850000             5.0
     858.700000             5.0
     860.150000             5.0
     873.000000             5.0
     874.450000             5.0
     887.300000             5.0
     888.750000             5.0
     901.600000             5.0
     903.050000             5.0
     915.900000             5.0
     917.350000             5.0
     930.200000             5.0
     931.650000             5.0
     944.500000             5.0
     945.950000             5.0
     958.800000             5.0
     960.250000             5.0
     973.100000             5.0
     974.550000             5.0
     987.400000             5.0
     988.850000             5.0
     993.500000             5.0
      28.350000             6.0
      29.400000             6.0
      30.450000             6.0
      31.500000             6.0
      32.550000             6.0
      33.600000             6.0
      42.950000             6.0
      44.000000             6.0
      45.050000             6.0
      57.450000             6.0
      58.500000             6.0
      59.900000             6.0
      72.000000             6.0
      73.250000             6.0
      86.350000             6.0
      87.650000             6.0
     100.700000             6.0
     102.050000             6.0
     115.050000             6.0
     116.500000             6.0
     129.400000             6.0
     130.800000             6.0
     143.700000             6.0
     145.200000             6.0
     158.050000             6.0
     159.450000             6.0
     172.350000             6.0
     173.850000             6.0
     186.650000             6.0
     188.100000             6.0
     200.950000             6.0
     202.450000             6.0
     215.250000             6.0
     216.700000             6.0
     229.550000             6.0
     231.000000             6.0
     243.850000             6.0
     245.350000             6.0
     258.150000             6.0
     259.650000             6.0
     272.450000             6.0
     274.000000             6.0
     286.750000             6.0
     288.300000             6.0
     301.050000             6.0
     302.600000             6.0
     315.350000             6.0
     316.900000             6.0
     329.650000             6.0
     331.200000             6.0
     343.950000             6.0
     345.500000             6.0
     358.250000             6.0
     359.800000             6.0
     372.550000             6.0
     374.100000             6.0
     386.850000             6.0
     388.400000             6.0
     401.150000             6.0
     402.700000             6.0
     415.450000             6.0
     417.000000             6.0
     429.750000             6.0
     431.300000             6.0
     444.050000             6.0
     445.600000             6.0
     458.350000             6.0
     459.900000             6.0
     472.650000             6.0
     474.200000             6.0
     486.950000             6.0
     488.500000             6.0
     501.250000             6.0
     502.800000             6.0
     515.550000             6.0
     517.100000             6.0
     529.850000             6.0
     531.400000             6.0
     544.150000             6.0
     545.700000             6.0
     558.450000             6.0
     560.000000             6.0
     572.750000             6.0
     574.300000             6.0
     587.050000             6.0
     588.600000             6.0
     601.350000             6.0
     602.900000             6.0
     615.650000             6.0
     617.200000             6.0
     629.950000             6.0
     631.500000             6.0
     644.250000             6.0
     645.800000             6.0
     658.550000             6.0
     660.100000             6.0
     672.850000             6.0
     674.400000             6.0
     687.150000             6.0
     688.700000             6.0
     701.450000             6.0
     703.000000             6.0
     715.750000             6.0
     717.300000             6.0
     730.050000             6.0
     731.600000             6.0
     744.350000             6.0
     745.900000             6.0
     758.650000             6.0
     760.200000             6.0
     772.950000             6.0
     774.500000             6.0
     787.250000             6.0
     788.800000             6.0
     801.550000             6.0
     803.100000             6.0
     815.850000             6.0
     817.400000             6.0
     830.150000             6.0
     831.700000             6.0
     844.450000             6.0
     846.000000             6.0
     858.750000             6.0
     860.300000             6.0
     873.050000             6.0
     874.600000             6.0
     887.350000             6.0
     888.900000             6.0
     901.650000             6.0
     903.200000             6.0
     915.950000             6.0
     917.500000             6.0
     930.250000             6.0
     931.800000             6.0
     944.550000             6.0
     946.100000             6.0
     958.850000             6.0
     960.400000             6.0
     973.150000             6.0
     974.700000             6.0
     987.450000             6.0
     989.000000             6.0
     993.500000             6.0
      28.400000             7.0
      29.450000             7.0
      30.500000             7.0
      31.550000             7.0
      32.550000             7.0
      33.600000             7.0
      42.950000             7.0
      44.000000             7.0
      45.050000             7.0
      57.500000             7.0
      58.550000             7.0
      71.900000             7.0
      73.050000             7.0
      86.300000             7.0
      87.550000             7.0
     100.750000             7.0
     102.050000             7.0
     115.100000             7.0
     116.600000             7.0
     129.450000             7.0
     131.000000             7.0
     143.800000             7.0
     145.350000             7.0
     158.100000             7.0
     159.700000             7.0
     172.400000             7.0
     173.900000             7.0
     186.700000             7.0
     188.300000             7.0
     201.000000             7.0
     202.500000             7.0
     215.300000             7.0
     216.800000             7.0
     229.600000             7.0
     231.150000             7.0
     243.900000             7.0
     245.400000             7.0
     258.200000             7.0
     259.750000             7.0
     272.500000             7.0
     274.100000             7.0
     286.800000             7.0
     288.400000             7.0
     301.100000             7.0
     302.750000             7.0
     315.400000             7.0
     317.050000             7.0
     329.750000             7.0
     331.350000             7.0
     344.050000             7.0
     345.650000             7.0
     358.350000             7.0
     359.950000             7.0
     372.650000             7.0
     374.250000             7.0
     386.950000             7.0
     388.550000             7.0
     401.250000             7.0
     402.850000             7.0
     415.550000             7.0
     417.150000             7.0
     429.850000             7.0
     431.450000             7.0
     444.150000             7.0
     445.750000             7.0
     458.450000             7.0
     460.050000             7.0
     472.750000             7.0
     474.350000             7.0
     487.050000             7.0
     488.650000             7.0
     501.350000             7.0
     502.950000             7.0
     515.650000             7.0
     517.250000             7.0
     529.950000             7.0
     531.550000             7.0
     544.250000             7.0
     545.850000             7.0
     558.550000             7.0
     560.150000             7.0
     572.850000             7.0
     574.450000             7.0
     587.150000             7.0
     588.750000             7.0
     601.450000             7.0
     603.050000             7.0
     615.750000             7.0
     617.350000             7.0
     630.050000             7.0
     631.650000             7.0
     644.350000             7.0
     645.950000             7.0
     658.650000             7.0
     660.250000             7.0
     672.950000             7.0
     674.550000             7.0
     687.250000             7.0
     688.850000             7.0
     701.550000             7.0
     703.150000             7.0
     715.850000             7.0
     717.450000             7.0
     730.150000             7.0
     731.750000             7.0
     744.450000             7.0
     746.050000             7.0
     758.750000             7.0
     760.350000             7.0
     773.050000             7.0
     774.650000             7.0
     787.350000             7.0
     788.950000             7.0
     801.650000             7.0
     803.250000             7.0
     815.950000             7.0
     817.550000             7.0
     830.250000             7.0
     831.850000             7.0
     844.550000             7.0
     846.150000             7.0
     858.850000             7.0
     860.450000             7.0
     873.150000             7.0
     874.750000             7.0
     887.450000             7.0
     889.050000             7.0
     901.750000             7.0
     903.350000             7.0
     916.050000             7.0
     917.650000             7.0
     924.400000             7.0
     930.350000             7.0
     944.500000             7.0
     946.000000             7.0
     958.900000             7.0
     960.450000             7.0
     973.200000             7.0
     974.800000             7.0
     987.500000             7.0
     989.100000             7.0
      28.400000             8.0
      29.450000             8.0
      30.500000             8.0
      31.550000             8.0
      32.550000             8.0
      33.650000             8.0
      43.000000             8.0
      44.050000             8.0
      45.100000             8.0
      57.550000             8.0
      58.600000             8.0
      71.950000             8.0
      73.150000             8.0
      86.350000             8.0
      87.700000             8.0
     100.800000             8.0
     102.300000             8.0
     115.200000             8.0
     116.750000             8.0
     129.500000             8.0
     131.050000             8.0
     143.850000             8.0
     145.400000             8.0
     158.150000             8.0
     159.700000             8.0
     172.450000             8.0
     174.150000             8.0
     186.750000             8.0
     188.350000             8.0
     201.050000             8.0
     202.650000             8.0
     215.350000             8.0
     217.050000             8.0
     229.650000             8.0
     231.250000             8.0
     243.950000             8.0
     245.650000             8.0
     258.250000             8.0
     259.950000             8.0
     272.600000             8.0
     274.350000             8.0
     286.900000             8.0
     288.650000             8.0
     301.200000             8.0
     302.950000             8.0
     315.500000             8.0
     317.250000             8.0
     329.800000             8.0
     331.550000             8.0
     344.100000             8.0
     345.850000             8.0
     358.400000             8.0
     360.150000             8.0
     372.700000             8.0
     374.450000             8.0
     387.000000             8.0
     388.750000             8.0
     401.300000             8.0
     403.050000             8.0
     415.600000             8.0
     417.350000             8.0
     429.900000             8.0
     431.650000             8.0
     444.200000             8.0
     445.950000             8.0
     458.500000             8.0
     460.250000             8.0
     472.800000             8.0
     474.550000             8.0
     487.100000             8.0
     488.850000             8.0
     501.400000             8.0
     503.150000             8.0
     515.700000             8.0
     517.450000             8.0
     530.000000             8.0
     531.750000             8.0
     544.300000             8.0
     546.050000             8.0
     558.600000             8.0
     560.350000             8.0
     572.900000             8.0
     574.650000             8.0
     587.200000             8.0
     588.950000             8.0
     601.500000             8.0
     603.250000             8.0
     615.800000             8.0
     617.550000             8.0
     630.100000             8.0
     631.850000             8.0
     644.400000             8.0
     646.150000             8.0
     658.700000             8.0
     660.450000             8.0
     673.000000             8.0
     674.750000             8.0
     687.300000             8.0
     689.050000             8.0
     701.600000             8.0
     703.350000             8.0
     715.900000             8.0
     717.650000             8.0
     730.200000             8.0
     731.950000             8.0
     744.500000             8.0
     746.250000             8.0
     758.800000             8.0
     760.550000             8.0
     773.100000             8.0
     774.850000             8.0
     787.400000             8.0
     789.150000             8.0
     801.700000             8.0
     803.450000             8.0
     816.000000             8.0
     817.750000             8.0
     830.300000             8.0
     832.050000             8.0
     844.600000             8.0
     846.350000             8.0
     858.900000             8.0
     860.650000             8.0
     873.200000             8.0
     874.950000             8.0
     887.500000             8.0
     889.250000             8.0
     901.800000             8.0
     903.550000             8.0
     909.250000             8.0
     916.250000             8.0
     930.250000             8.0
     931.800000             8.0
     944.650000             8.0
     946.300000             8.0
     959.000000             8.0
     960.700000             8.0
     973.300000             8.0
     975.050000             8.0
     987.600000             8.0
     989.350000             8.0
      28.400000             9.0
      29.450000             9.0
      30.500000             9.0
      31.550000             9.0
      32.550000             9.0
      42.900000             9.0
      43.950000             9.0
      45.000000             9.0
      57.500000             9.0
      58.550000             9.0
      71.950000             9.0
      73.150000             9.0
      86.400000             9.0
      87.800000             9.0
     100.850000             9.0
     102.450000             9.0
     115.250000             9.0
     116.850000             9.0
     129.600000             9.0
     131.250000             9.0
     143.900000             9.0
     145.600000             9.0
     158.250000             9.0
     159.950000             9.0
     172.550000             9.0
     174.300000             9.0
     186.850000             9.0
     188.750000             9.0
     201.150000             9.0
     202.950000             9.0
     215.450000             9.0
     217.500000             9.0
     229.750000             9.0
     231.550000             9.0
     244.050000             9.0
     245.800000             9.0
     258.350000             9.0
     260.300000             9.0
     272.700000             9.0
     286.650000             9.0
     288.150000             9.0
     301.150000             9.0
     302.850000             9.0
     315.550000             9.0
     317.450000             9.0
     329.850000             9.0
     331.950000             9.0
     344.200000             9.0
     358.150000             9.0
     359.650000             9.0
     372.650000             9.0
     374.350000             9.0
     387.050000             9.0
     388.950000             9.0
     401.350000             9.0
     403.450000             9.0
     415.700000             9.0
     429.650000             9.0
     431.150000             9.0
     444.150000             9.0
     445.850000             9.0
     458.550000             9.0
     460.450000             9.0
     472.850000             9.0
     474.950000             9.0
     487.200000             9.0
     501.150000             9.0
     502.650000             9.0
     515.650000             9.0
     517.350000             9.0
     530.050000             9.0
     531.950000             9.0
     544.350000             9.0
     546.450000             9.0
     558.700000             9.0
     572.650000             9.0
     574.150000             9.0
     587.150000             9.0
     588.850000             9.0
     601.550000             9.0
     603.450000             9.0
     615.850000             9.0
     617.950000             9.0
     630.200000             9.0
     644.150000             9.0
     645.650000             9.0
     658.650000             9.0
     660.350000             9.0
     673.050000             9.0
     674.950000             9.0
     687.350000             9.0
     689.450000             9.0
     701.700000             9.0
     715.650000             9.0
     717.150000             9.0
     730.150000             9.0
     731.850000             9.0
     744.550000             9.0
     746.450000             9.0
     758.850000             9.0
     760.950000             9.0
     773.200000             9.0
     787.150000             9.0
     788.650000             9.0
     801.650000             9.0
     803.350000             9.0
     816.050000             9.0
     817.950000             9.0
     830.350000             9.0
     832.450000             9.0
     844.700000             9.0
     858.650000             9.0
     860.150000             9.0
     873.150000             9.0
     874.850000             9.0
     887.550000             9.0
     889.450000             9.0
     901.850000             9.0
     903.950000             9.0
     916.200000             9.0
     930.150000             9.0
     931.650000             9.0
     944.650000             9.0
     946.350000             9.0
     950.400000             9.0
     959.300000             9.0
     973.200000             9.0
     974.800000             9.0
     987.600000             9.0
     989.400000             9.0
      28.400000            10.0
      29.450000            10.0
      30.500000            10.0
      31.550000            10.0
      32.550000            10.0
      42.950000            10.0
      44.000000            10.0
      45.050000            10.0
      57.550000            10.0
      58.650000            10.0
      72.000000            10.0
      73.250000            10.0
      86.500000            10.0
      87.900000            10.0
     100.950000            10.0
     102.600000            10.0
     115.350000            10.0
     117.450000            10.0
     129.750000            10.0
     143.700000            10.0
     145.250000            10.0
     158.250000            10.0
     159.950000            10.0
     172.600000            10.0
     186.600000            10.0
     188.200000            10.0
     201.150000            10.0
     202.900000            10.0
     215.500000            10.0
     217.500000            10.0
     229.850000            10.0
     243.800000            10.0
     245.300000            10.0
     258.350000            10.0
     260.200000            10.0
     272.750000            10.0
     286.700000            10.0
     288.300000            10.0
     301.250000            10.0
     303.200000            10.0
     315.650000            10.0
     329.600000            10.0
     331.200000            10.0
     344.150000            10.0
     346.150000            10.0
     358.550000            10.0
     372.500000            10.0
     374.100000            10.0
     387.050000            10.0
     389.050000            10.0
     401.450000            10.0
     415.400000            10.0
     417.000000            10.0
     429.950000            10.0
     431.950000            10.0
     444.350000            10.0
     458.300000            10.0
     459.900000            10.0
     472.850000            10.0
     474.850000            10.0
     487.250000            10.0
     501.200000            10.0
     502.800000            10.0
     515.750000            10.0
     517.750000            10.0
     530.150000            10.0
     544.100000            10.0
     545.700000            10.0
     558.650000            10.0
     560.650000            10.0
     573.050000            10.0
     587.000000            10.0
     588.600000            10.0
     601.550000            10.0
     603.550000            10.0
     615.950000            10.0
     629.900000            10.0
     631.500000            10.0
     644.450000            10.0
     646.450000            10.0
     658.850000            10.0
     672.800000            10.0
     674.400000            10.0
     687.350000            10.0
     689.350000            10.0
     701.750000            10.0
     715.700000            10.0
     717.300000            10.0
     730.250000            10.0
     732.250000            10.0
     744.650000            10.0
     758.600000            10.0
     760.200000            10.0
     773.150000            10.0
     775.150000            10.0
     787.550000            10.0
     801.500000            10.0
     803.100000            10.0
     816.050000            10.0
     818.050000            10.0
     830.450000            10.0
     844.400000            10.0
     846.000000            10.0
     858.950000            10.0
     860.950000            10.0
     873.350000            10.0
     887.300000            10.0
     888.900000            10.0
     901.850000            10.0
     903.850000            10.0
     916.250000            10.0
     930.200000            10.0
     931.800000            10.0
     944.750000            10.0
     946.750000            10.0
     959.150000            10.0
     973.100000            10.0
     974.700000            10.0
     977.000000            10.0
     987.850000            10.0
      28.400000            11.0
      29.450000            11.0
      30.500000            11.0
      31.550000            11.0
      32.550000            11.0
      43.000000            11.0
      44.050000            11.0
      45.100000            11.0
      57.650000            11.0
      58.850000            11.0
      72.100000            11.0
      73.550000            11.0
      86.600000            11.0
      88.300000            11.0
     101.100000            11.0
     115.150000            11.0
     116.800000            11.0
     129.750000            11.0
     143.750000            11.0
     145.300000            11.0
     158.350000            11.0
     172.350000            11.0
     174.050000            11.0
     186.950000            11.0
     200.950000            11.0
     202.650000            11.0
     215.550000            11.0
     229.550000            11.0
     231.150000            11.0
     244.150000            11.0
     258.150000            11.0
     259.850000            11.0
     272.750000            11.0
     286.750000            11.0
     288.450000            11.0
     301.400000            11.0
     315.400000            11.0
     317.100000            11.0
     330.000000            11.0
     344.000000            11.0
     345.700000            11.0
     358.600000            11.0
     372.600000            11.0
     374.300000            11.0
     387.200000            11.0
     401.200000            11.0
     402.900000            11.0
     415.800000            11.0
     429.800000            11.0
     431.500000            11.0
     444.400000            11.0
     458.400000            11.0
     460.100000            11.0
     473.000000            11.0
     487.000000            11.0
     488.700000            11.0
     501.600000            11.0
     515.600000            11.0
     517.300000            11.0
     530.200000            11.0
     544.200000            11.0
     545.900000            11.0
     558.800000            11.0
     572.800000            11.0
     574.500000            11.0
     587.400000            11.0
     601.400000            11.0
     603.100000            11.0
     616.000000            11.0
     630.000000            11.0
     631.700000            11.0
     644.600000            11.0
     658.600000            11.0
     660.300000            11.0
     673.200000            11.0
     687.200000            11.0
     688.900000            11.0
     701.800000            11.0
     715.800000            11.0
     717.500000            11.0
     730.400000            11.0
     744.400000            11.0
     746.100000            11.0
     759.000000            11.0
     773.000000            11.0
     774.700000            11.0
     787.600000            11.0
     801.600000            11.0
     803.300000            11.0
     816.200000            11.0
     830.200000            11.0
     831.900000            11.0
     844.800000            11.0
     858.800000            11.0
     860.500000            11.0
     873.400000            11.0
     887.400000            11.0
     889.100000            11.0
     902.000000            11.0
     916.000000            11.0
     917.700000            11.0
     930.600000            11.0
     944.600000            11.0
     946.300000            11.0
     959.200000            11.0
     967.700000            11.0
     972.550000            11.0
     987.550000            11.0
     989.400000            11.0
      28.450000            12.0
      29.500000            12.0
      30.550000            12.0
      31.600000            12.0
      32.650000            12.0
      43.050000            12.0
      44.100000            12.0
      45.300000            12.0
      57.750000            12.0
      59.100000            12.0
      72.250000            12.0
      73.800000            12.0
      86.750000            12.0
      88.750000            12.0
     101.250000            12.0
     115.250000            12.0
     116.950000            12.0
     129.900000            12.0
     143.850000            12.0
     145.600000            12.0
     158.500000            12.0
     172.500000            12.0
     174.300000            12.0
     187.100000            12.0
     201.100000            12.0
     203.150000            12.0
     215.750000            12.0
     229.700000            12.0
     231.700000            12.0
     244.350000            12.0
     258.350000            12.0
     260.500000            12.0
     273.000000            12.0
     286.950000            12.0
     289.100000            12.0
     301.600000            12.0
     315.550000            12.0
     317.700000            12.0
     330.200000            12.0
     344.150000            12.0
     346.300000            12.0
     358.800000            12.0
     372.750000            12.0
     374.900000            12.0
     387.400000            12.0
     401.350000            12.0
     403.500000            12.0
     416.000000            12.0
     429.950000            12.0
     432.100000            12.0
     444.600000            12.0
     458.550000            12.0
     460.700000            12.0
     473.200000            12.0
     487.150000            12.0
     489.300000            12.0
     501.800000            12.0
     515.750000            12.0
     517.900000            12.0
     530.400000            12.0
     544.350000            12.0
     546.500000            12.0
     559.000000            12.0
     572.950000            12.0
     575.100000            12.0
     587.600000            12.0
     601.550000            12.0
     603.700000            12.0
     616.200000            12.0
     630.150000            12.0
     632.300000            12.0
     644.800000            12.0
     658.750000            12.0
     660.900000            12.0
     673.400000            12.0
     687.350000            12.0
     689.500000            12.0
     702.000000            12.0
     715.950000            12.0
     718.100000            12.0
     730.600000            12.0
     744.550000            12.0
     746.700000            12.0
     759.200000            12.0
     773.150000            12.0
     775.300000            12.0
     787.800000            12.0
     801.750000            12.0
     803.900000            12.0
     816.400000            12.0
     830.350000            12.0
     832.500000            12.0
     845.000000            12.0
     858.950000            12.0
     861.100000            12.0
     873.600000            12.0
     887.550000            12.0
     889.700000            12.0
     902.200000            12.0
     916.150000            12.0
     918.300000            12.0
     930.800000            12.0
     937.300000            12.0
     944.450000            12.0
     959.100000            12.0
     973.200000            12.0
     975.100000            12.0
     987.950000            12.0
      28.450000            13.0
      29.500000            13.0
      30.550000            13.0
      31.600000            13.0
      32.650000            13.0
      43.100000            13.0
      44.150000            13.0
      57.650000            13.0
      58.950000            13.0
      72.250000            13.0
      73.950000            13.0
      86.900000            13.0
     101.050000            13.0
     103.450000            13.0
     115.800000            13.0
     129.800000            13.0
     143.950000            13.0
     158.200000            13.0
     160.550000            13.0
     173.050000            13.0
     187.000000            13.0
     201.150000            13.0
     203.250000            13.0
     215.900000            13.0
     229.900000            13.0
     244.000000            13.0
     246.050000            13.0
     258.800000            13.0
     272.800000            13.0
     286.950000            13.0
     301.200000            13.0
     303.600000            13.0
     316.050000            13.0
     330.000000            13.0
     344.150000            13.0
     358.400000            13.0
     360.800000            13.0
     373.250000            13.0
     387.200000            13.0
     401.350000            13.0
     415.600000            13.0
     418.000000            13.0
     430.450000            13.0
     444.400000            13.0
     458.550000            13.0
     472.800000            13.0
     475.200000            13.0
     487.650000            13.0
     501.600000            13.0
     515.750000            13.0
     530.000000            13.0
     532.400000            13.0
     544.850000            13.0
     558.800000            13.0
     572.950000            13.0
     587.200000            13.0
     589.600000            13.0
     602.050000            13.0
     616.000000            13.0
     630.150000            13.0
     644.400000            13.0
     646.800000            13.0
     659.250000            13.0
     673.200000            13.0
     687.350000            13.0
     701.600000            13.0
     704.000000            13.0
     716.450000            13.0
     730.400000            13.0
     744.550000            13.0
     758.800000            13.0
     761.200000            13.0
     773.650000            13.0
     787.600000            13.0
     801.750000            13.0
     816.000000            13.0
     818.400000            13.0
     830.850000            13.0
     844.800000            13.0
     858.950000            13.0
     873.200000            13.0
     875.600000            13.0
     888.050000            13.0
     902.000000            13.0
     916.150000            13.0
     926.150000            13.0
     928.250000            13.0
     944.900000            13.0
     959.100000            13.0
     973.300000            13.0
     975.800000            13.0
     988.150000            13.0
      28.450000            14.0
      29.500000            14.0
      30.550000            14.0
      31.600000            14.0
      32.850000            14.0
      43.250000            14.0
      44.400000            14.0
      57.800000            14.0
      59.300000            14.0
      72.500000            14.0
      86.700000            14.0
      88.950000            14.0
     101.600000            14.0
     115.650000            14.0
     129.850000            14.0
     144.100000            14.0
     158.400000            14.0
     172.650000            14.0
     186.950000            14.0
     201.300000            14.0
     215.600000            14.0
     229.900000            14.0
     244.200000            14.0
     258.500000            14.0
     272.800000            14.0
     287.100000            14.0
     301.400000            14.0
     315.700000            14.0
     330.000000            14.0
     344.300000            14.0
     358.600000            14.0
     372.900000            14.0
     387.200000            14.0
     401.500000            14.0
     415.800000            14.0
     430.100000            14.0
     444.400000            14.0
     458.700000            14.0
     473.000000            14.0
     487.300000            14.0
     501.600000            14.0
     515.900000            14.0
     530.200000            14.0
     544.500000            14.0
     558.800000            14.0
     573.100000            14.0
     587.400000            14.0
     601.700000            14.0
     616.000000            14.0
     630.300000            14.0
     644.600000            14.0
     658.900000            14.0
     673.200000            14.0
     687.500000            14.0
     701.800000            14.0
     716.100000            14.0
     730.400000            14.0
     744.700000            14.0
     759.000000            14.0
     773.300000            14.0
     787.600000            14.0
     801.900000            14.0
     816.200000            14.0
     830.500000            14.0
     844.800000            14.0
     859.100000            14.0
     865.350000            14.0
     867.800000            14.0
     887.800000            14.0
     902.050000            14.0
     916.350000            14.0
     930.650000            14.0
     944.950000            14.0
     959.250000            14.0
     973.550000            14.0
     985.500000            14.0
     986.900000            14.0
      28.500000            15.0
      29.550000            15.0
      30.600000            15.0
      31.650000            15.0
      43.150000            15.0
      44.300000            15.0
      57.850000            15.0
      59.500000            15.0
      72.700000            15.0
      87.000000            15.0
     101.300000            15.0
     115.700000            15.0
     130.100000            15.0
     144.400000            15.0
     158.700000            15.0
     173.050000            15.0
     187.350000            15.0
     201.650000            15.0
     215.950000            15.0
     230.250000            15.0
     244.550000            15.0
     258.850000            15.0
     273.150000            15.0
     287.500000            15.0
     301.800000            15.0
     316.100000            15.0
     330.400000            15.0
     344.700000            15.0
     359.000000            15.0
     373.300000            15.0
     387.600000            15.0
     401.900000            15.0
     416.200000            15.0
     430.500000            15.0
     444.800000            15.0
     459.100000            15.0
     473.400000            15.0
     487.700000            15.0
     502.000000            15.0
     516.300000            15.0
     530.600000            15.0
     544.900000            15.0
     559.200000            15.0
     573.500000            15.0
     587.800000            15.0
     602.100000            15.0
     616.400000            15.0
     630.700000            15.0
     645.000000            15.0
     659.300000            15.0
     673.600000            15.0
     687.900000            15.0
     702.200000            15.0
     716.500000            15.0
     730.800000            15.0
     745.100000            15.0
     759.400000            15.0
     773.700000            15.0
     788.000000            15.0
     802.300000            15.0
     816.600000            15.0
     830.900000            15.0
     845.200000            15.0
     859.500000            15.0
     873.800000            15.0
     888.100000            15.0
     902.400000            15.0
     916.200000            15.0
     917.350000            15.0
     931.250000            15.0
     945.550000            15.0
     959.700000            15.0
     973.950000            15.0
     988.200000            15.0
      28.550000            16.0
      29.600000            16.0
      30.650000            16.0
      31.700000            16.0
      43.350000            16.0
      44.700000            16.0
      58.150000            16.0
      72.550000            16.0
      87.100000            16.0
     101.650000            16.0
     116.150000            16.0
     130.550000            16.0
     144.950000            16.0
     159.250000            16.0
     173.550000            16.0
     187.850000            16.0
     202.200000            16.0
     216.500000            16.0
     230.750000            16.0
     245.050000            16.0
     259.350000            16.0
     273.700000            16.0
     288.000000            16.0
     302.300000            16.0
     316.600000            16.0
     330.900000            16.0
     345.200000            16.0
     359.500000            16.0
     373.800000            16.0
     388.100000            16.0
     402.400000            16.0
     416.700000            16.0
     431.000000            16.0
     445.300000            16.0
     459.600000            16.0
     473.900000            16.0
     488.200000            16.0
     502.500000            16.0
     516.800000            16.0
     531.100000            16.0
     545.400000            16.0
     559.700000            16.0
     574.000000            16.0
     588.300000            16.0
     602.600000            16.0
     616.900000            16.0
     631.200000            16.0
     645.500000            16.0
     659.800000            16.0
     674.100000            16.0
     688.400000            16.0
     702.700000            16.0
     717.000000            16.0
     731.300000            16.0
     745.600000            16.0
     759.900000            16.0
     774.200000            16.0
     788.500000            16.0
     802.800000            16.0
     817.100000            16.0
     831.400000            16.0
     845.700000            16.0
     860.000000            16.0
     874.300000            16.0
     888.600000            16.0
     902.900000            16.0
     917.200000            16.0
     931.400000            16.0
     932.700000            16.0
     946.100000            16.0
     960.400000            16.0
     974.550000            16.0
     988.750000            16.0
      28.600000            17.0
      29.650000            17.0
      30.700000            17.0
      31.750000            17.0
      43.550000            17.0
      45.300000            17.0
      58.500000            17.0
      73.000000            17.0
      87.650000            17.0
     102.300000            17.0
     116.850000            17.0
     131.300000            17.0
     145.700000            17.0
     160.050000            17.0
     174.350000            17.0
     188.700000            17.0
     203.000000            17.0
     217.250000            17.0
     231.550000            17.0
     245.800000            17.0
     260.100000            17.0
     274.500000            17.0
     288.800000            17.0
     303.150000            17.0
     317.450000            17.0
     331.750000            17.0
     346.050000            17.0
     360.350000            17.0
     374.650000            17.0
     388.950000            17.0
     403.250000            17.0
     417.550000            17.0
     431.850000            17.0
     446.150000            17.0
     460.450000            17.0
     474.750000            17.0
     489.050000            17.0
     503.350000            17.0
     517.650000            17.0
     531.950000            17.0
     546.250000            17.0
     560.550000            17.0
     574.850000            17.0
     589.150000            17.0
     603.450000            17.0
     617.750000            17.0
     632.050000            17.0
     646.350000            17.0
     660.650000            17.0
     674.950000            17.0
     689.250000            17.0
     703.550000            17.0
     717.850000            17.0
     732.150000            17.0
     746.450000            17.0
     760.750000            17.0
     775.050000            17.0
     789.350000            17.0
     803.650000            17.0
     817.950000            17.0
     832.250000            17.0
     846.550000            17.0
     860.850000            17.0
     875.150000            17.0
     889.450000            17.0
     903.750000            17.0
     918.050000            17.0
     932.350000            17.0
     946.650000            17.0
     960.950000            17.0
     975.250000            17.0
     989.550000            17.0
     992.150000            17.0
      28.650000            18.0
      29.700000            18.0
      30.750000            18.0
      43.500000            18.0
      45.200000            18.0
      58.800000            18.0
      73.500000            18.0
      88.350000            18.0
     103.550000            18.0
     130.850000            18.0
     146.500000            18.0
     173.800000            18.0
     189.550000            18.0
     216.700000            18.0
     232.750000            18.0
     259.650000            18.0
     275.700000            18.0
     302.550000            18.0
     318.650000            18.0
     345.450000            18.0
     361.550000            18.0
     388.350000            18.0
     404.450000            18.0
     431.250000            18.0
     447.350000            18.0
     474.150000            18.0
     490.250000            18.0
     517.050000            18.0
     533.150000            18.0
     559.950000            18.0
     576.050000            18.0
     602.850000            18.0
     618.950000            18.0
     645.750000            18.0
     661.850000            18.0
     688.650000            18.0
     704.750000            18.0
     731.550000            18.0
     747.650000            18.0
     774.450000            18.0
     790.550000            18.0
     817.350000            18.0
     833.450000            18.0
     860.250000            18.0
     876.350000            18.0
     903.150000            18.0
     919.250000            18.0
     946.050000            18.0
     954.750000            18.0
     956.700000            18.0
     989.050000            18.0
      28.750000            19.0
      29.800000            19.0
      30.850000            19.0
      43.850000            19.0
      58.750000            19.0
      74.000000            19.0
     102.750000            19.0
     132.200000            19.0
     174.850000            19.0
     217.750000            19.0
     260.650000            19.0
     303.550000            19.0
     346.450000            19.0
     389.350000            19.0
     432.250000            19.0
     475.150000            19.0
     518.050000            19.0
     560.950000            19.0
     603.850000            19.0
     646.750000            19.0
     689.650000            19.0
     732.550000            19.0
     775.450000            19.0
     818.350000            19.0
     861.250000            19.0
     904.150000            19.0
     947.050000            19.0
     989.950000            19.0
     994.750000            19.0
     996.950000            19.0
      28.850000            20.0
      29.900000            20.0
      31.150000            20.0
      44.450000            20.0
      59.600000            20.0
     941.400000            20.0
     942.800000            20.0
      29.050000            21.0
      30.150000            21.0
      44.450000            21.0
     958.050000            21.0
     959.350000            21.0
      29.300000            22.0
      30.700000            22.0
      45.600000            22.0
     962.850000            22.0
     964.250000            22.0
      29.750000            23.0
      32.300000            23.0
      30.450000            24.0
     885.850000            24.0
     887.200000            24.0
     990.200000            24.0
     991.600000            24.0
      32.300000            25.0
     966.300000            25.0
     967.700000            25.0
     988.500000            26.0
     989.900000            26.0
     994.100000            27.0
     995.500000            27.0
     960.350000            28.0
     961.750000            28.0
     971.350000            29.0
     972.750000            29.0
     974.400000            30.0
     975.800000            30.0
     999.250000            31.0
     916.600000            32.0
     918.000000            32.0
     983.700000            33.0
     985.100000            33.0
     946.950000            35.0
     948.350000            35.0
     988.200000            36.0
     989.600000            36.0
     936.800000            37.0
     938.200000            37.0
     930.900000            38.0
     932.300000            38.0
     937.050000            39.0
     938.450000            39.0
     961.350000            40.0
     962.750000            40.0
     991.050000            41.0
     992.450000            41.0
     940.200000            42.0
     941.600000            42.0
     979.800000            43.0
     981.200000            43.0
     983.700000            44.0
     985.100000            44.0
     984.100000            45.0
     985.500000            45.0
     930.700000            46.0
     932.100000            46.0
     947.200000            47.0
     948.600000            47.0
     944.850000            48.0
     946.250000            48.0
     951.550000            49.0
     952.950000            49.0
     993.550000            51.0
     994.950000            51.0
     952.850000            52.0
     954.250000            52.0
     983.950000            53.0
     985.350000            53.0
     953.450000            54.0
     954.850000            54.0
     979.850000            55.0
     981.250000            55.0
     910.800000            56.0
     912.200000            56.0
     986.700000            56.0
     988.100000            56.0
     925.700000            57.0
     927.100000            57.0
     880.400000            58.0
     881.800000            58.0
     952.950000            59.0
     954.350000            59.0
     991.650000            60.0
     993.050000            60.0
     975.300000            61.0
     976.700000            61.0
     972.150000            62.0
     973.550000            62.0
     995.050000            63.0
     996.450000            63.0
     913.450000            64.0
     914.850000            64.0
     997.800000            66.0
     999.200000            66.0
     984.750000            68.0
     986.150000            68.0
     974.800000            69.0
     976.200000            69.0
     934.500000            70.0
     935.900000            70.0
     922.900000            71.0
     924.300000            71.0
     992.100000            72.0
     993.500000            72.0
     972.200000            73.0
     973.600000            73.0
     999.100000            75.0
     958.350000            76.0
     959.750000            76.0
     998.150000            77.0
     999.550000            77.0
     997.200000            78.0
     998.600000            78.0
     986.200000            79.0
     987.600000            79.0
     983.100000            80.0
     984.500000            80.0
     966.750000            81.0
     968.150000            81.0
     998.250000            82.0
     999.650000            82.0
     971.850000            83.0
     973.250000            83.0
     974.350000            84.0
     975.750000            84.0
     980.000000            86.0
     981.400000            86.0
     957.250000            87.0
     958.650000            87.0
     982.150000            88.0
     983.550000            88.0
     996.550000            89.0
     997.950000            89.0
     988.400000            90.0
     989.800000            90.0
     965.300000            91.0
     966.700000            91.0
     954.400000            92.0
     955.800000            92.0
     971.400000            93.0
     972.800000            93.0
     990.400000            94.0
     991.800000            94.0
     922.250000            95.0
     923.650000            95.0
     915.400000            96.0
     916.800000            96.0
     949.450000            97.0
     950.850000            97.0
     947.050000            98.0
     948.450000            98.0
     958.550000            99.0
     959.950000            99.0
     974.250000           100.0
     975.650000           100.0
     969.850000           101.0
     971.250000           101.0
     988.350000           102.0
     989.750000           102.0
     971.750000           103.0
     973.150000           103.0
     912.850000           104.0
     914.250000           104.0
     984.550000           105.0
     985.950000           105.0
     999.250000           106.0
     934.600000           107.0
     936.000000           107.0
     962.700000           108.0
     964.100000           108.0
     952.450000           109.0
     953.850000           109.0
     948.100000           110.0
     949.500000           110.0
     969.300000           111.0
     970.700000           111.0
     971.450000           112.0
     972.850000           112.0
     967.050000           113.0
     968.450000           113.0
     912.300000           114.0
     913.700000           114.0
     987.300000           114.0
     988.700000           114.0
     892.350000           115.0
     893.750000           115.0
     992.850000           115.0
     994.250000           115.0
     938.400000           116.0
     939.800000           116.0
     965.750000           117.0
     967.150000           117.0
     984.050000           118.0
     985.450000           118.0
     986.650000           120.0
     988.050000           120.0
     922.750000           121.0
     924.150000           121.0
     967.250000           122.0
     968.650000           122.0
     988.600000           123.0
     990.000000           123.0
     974.600000           124.0
     976.000000           124.0
     925.250000           125.0
     926.650000           125.0
     967.050000           126.0
     968.450000           126.0
     987.200000           127.0
     988.600000           127.0
     993.800000           128.0
     995.200000           128.0
     950.050000           129.0
     951.450000           129.0
     949.950000           130.0
     951.350000           130.0
     991.250000           131.0
     992.650000           131.0
     977.450000           132.0
     978.850000           132.0
     996.150000           133.0
     997.550000           133.0
     988.600000           134.0
     990.000000           134.0
     952.100000           135.0
     953.500000           135.0
     991.400000           136.0
     992.800000           136.0
     953.850000           137.0
     955.250000           137.0
     905.600000           138.0
     907.000000           138.0
     912.850000           139.0
     914.250000           139.0
     930.250000           140.0
     931.650000           140.0
     983.150000           142.0
     984.550000           142.0
     994.350000           143.0
     995.750000           143.0
     955.500000           144.0
     956.900000           144.0
     942.100000           145.0
     943.500000           145.0
     959.400000           146.0
     960.800000           146.0
     909.550000           147.0
     910.950000           147.0
     935.950000           148.0
     937.350000           148.0
     905.100000           149.0
     906.500000           149.0
     960.650000           150.0
     962.050000           150.0
     978.600000           151.0
     980.000000           151.0
     975.300000           152.0
     976.700000           152.0
     943.650000           153.0
     945.050000           153.0
     978.150000           154.0
     979.550000           154.0
     993.900000           155.0
     995.300000           155.0
     906.150000           156.0
     907.550000           156.0
     943.450000           157.0
     944.850000           157.0
     983.650000           158.0
     985.050000           158.0
     978.450000           159.0
     979.850000           159.0
     978.450000           160.0
     979.850000           160.0
     925.200000           161.0
     926.600000           161.0
     947.650000           162.0
     949.050000           162.0
     942.600000           163.0
     944.000000           163.0
     912.250000           164.0
     913.650000           164.0
     953.450000           165.0
     954.850000           165.0
     967.350000           166.0
     968.750000           166.0
     959.700000           167.0
     961.100000           167.0
     961.100000           169.0
     962.500000           169.0
     969.450000           170.0
     970.850000           170.0
     984.950000           171.0
     986.350000           171.0
     962.550000           172.0
     963.950000           172.0
     933.400000           173.0
     934.800000           173.0
     962.650000           174.0
     964.050000           174.0
     966.250000           175.0
     967.650000           175.0
     966.500000           176.0
     967.900000           176.0
     937.400000           177.0
     938.800000           177.0
     971.700000           178.0
     973.100000           178.0
     953.800000           179.0
     955.200000           179.0
     939.450000           180.0
     940.850000           180.0
     929.550000           181.0
     930.950000           181.0
     905.350000           183.0
     906.750000           183.0
     984.450000           184.0
     985.850000           184.0
     917.750000           185.0
     919.150000           185.0
     952.200000           186.0
     953.600000           186.0
     918.900000           187.0
     920.300000           187.0
     976.600000           188.0
     978.000000           188.0
     989.400000           189.0
     990.800000           189.0
     989.400000           190.0
     990.800000           190.0
     909.650000           191.0
     911.050000           191.0
     941.950000           192.0
     943.350000           192.0
     975.850000           193.0
     977.250000           193.0
     995.300000           194.0
     996.700000           194.0
     915.400000           195.0
     916.800000           195.0
     998.900000           196.0
     985.000000           197.0
     986.400000           197.0
     926.400000           198.0
     927.800000           198.0
     968.950000           199.0
     970.350000           199.0
     960.550000           200.0
     961.950000           200.0
     936.200000           201.0
     937.600000           201.0
     952.900000           203.0
     954.300000           203.0
     936.000000           204.0
     937.400000           204.0
     960.700000           205.0
     962.100000           205.0
     995.750000           206.0
     997.150000           206.0
     907.200000           207.0
     908.600000           207.0
     979.350000           208.0
     980.750000           208.0
     997.300000           209.0
     998.700000           209.0
     973.350000           211.0
     974.750000           211.0
     930.450000           212.0
     931.850000           212.0
     942.950000           213.0
     944.350000           213.0
     924.750000           214.0
     926.150000           214.0
     996.900000           215.0
     998.300000           215.0
     978.650000           216.0
     980.050000           216.0
     943.500000           217.0
     944.900000           217.0
     913.250000           218.0
     914.650000           218.0
     960.700000           219.0
     962.100000           219.0
     953.650000           220.0
     955.050000           220.0
     951.900000           221.0
     953.300000           221.0
     973.350000           222.0
     974.750000           222.0
     988.250000           223.0
     989.650000           223.0
     971.050000           224.0
     972.450000           224.0
     950.900000           225.0
     952.300000           225.0
     958.150000           226.0
     959.550000           226.0
     916.450000           227.0
     917.850000           227.0
     962.450000           228.0
     963.850000           228.0
     931.600000           229.0
     933.000000           229.0
     991.800000           230.0
     993.200000           230.0
     996.550000           231.0
     997.950000           231.0
     980.650000           232.0
     982.050000           232.0
     985.850000           233.0
     987.250000           233.0
     974.100000           234.0
     975.500000           234.0
     959.250000           235.0
     960.650000           235.0
     926.900000           236.0
     928.300000           236.0
     954.150000           237.0
     955.550000           237.0
     974.750000           238.0
     976.150000           238.0
     992.600000           239.0
     994.000000           239.0
     951.650000           240.0
     953.050000           240.0
     996.250000           241.0
     997.650000           241.0
     979.350000           242.0
     980.750000           242.0
     928.950000           243.0
     930.350000           243.0
     998.150000           244.0
     999.550000           244.0
     975.200000           245.0
     976.600000           245.0
     943.300000           247.0
     944.700000           247.0
     998.400000           248.0
     999.800000           248.0
     951.150000           250.0
     952.550000           250.0
     932.950000           251.0
     934.350000           251.0
     948.250000           252.0
     949.650000           252.0
     950.500000           253.0
     951.900000           253.0
     983.650000           254.0
     985.050000           254.0
     988.100000           255.0
     989.500000           255.0
     983.650000           256.0
     985.050000           256.0
     987.300000           257.0
     988.700000           257.0
     927.700000           258.0
     929.100000           258.0
     958.550000           259.0
     959.950000           259.0
     966.900000           260.0
     968.300000           260.0
     925.700000           261.0
     927.100000           261.0
     951.500000           262.0
     952.900000           262.0
     969.150000           263.0
     970.550000           263.0
     918.200000           264.0
     919.600000           264.0
     974.000000           265.0
     975.400000           265.0
     950.050000           266.0
     951.450000           266.0
     986.550000           267.0
     987.950000           267.0
     912.650000           268.0
     914.050000           268.0
     993.850000           269.0
     995.250000           269.0
     952.550000           270.0
     953.950000           270.0
     911.500000           271.0
     912.900000           271.0
     877.550000           272.0
     878.950000           272.0
     946.150000           273.0
     947.550000           273.0
     998.300000           274.0
     999.700000           274.0
     974.050000           275.0
     975.450000           275.0
     954.000000           276.0
     955.400000           276.0
     975.750000           277.0
     977.150000           277.0
     987.700000           278.0
     989.100000           278.0
     923.900000           279.0
     925.300000           279.0
     989.300000           279.0
     990.700000           279.0
     987.750000           280.0
     989.150000           280.0
     942.700000           281.0
     944.100000           281.0
     945.450000           282.0
     946.850000           282.0
     991.200000           283.0
     992.600000           283.0
     990.900000           284.0
     992.300000           284.0
     976.450000           286.0
     977.850000           286.0
     987.800000           287.0
     989.200000           287.0
     969.600000           288.0
     971.000000           288.0
     983.350000           289.0
     984.750000           289.0
     983.200000           290.0
     984.600000           290.0
     937.700000           291.0
     939.100000           291.0
     991.750000           292.0
     993.150000           292.0
     911.650000           293.0
     913.050000           293.0
     925.450000           294.0
     926.850000           294.0
     987.100000           295.0
     988.500000           295.0
     962.250000           296.0
     963.650000           296.0
     932.200000           297.0
     933.600000           297.0
     943.300000           298.0
     944.700000           298.0
     925.450000           299.0
     926.850000           299.0
     946.000000           300.0
     947.400000           300.0
