      62.200000             1.0
      63.250000             1.0
      64.300000             1.0
      65.350000             1.0
      66.400000             1.0
      67.450000             1.0
      68.500000             1.0
      69.550000             1.0
      70.600000             1.0
     112.250000             1.0
     113.300000             1.0
     114.350000             1.0
     115.400000             1.0
     116.450000             1.0
     117.500000             1.0
     118.550000             1.0
     119.600000             1.0
     162.250000             1.0
     163.300000             1.0
     164.350000             1.0
     165.400000             1.0
     166.450000             1.0
     167.500000             1.0
     168.550000             1.0
     212.250000             1.0
     213.300000             1.0
     214.350000             1.0
     215.400000             1.0
     216.450000             1.0
     217.500000             1.0
     218.550000             1.0
     262.250000             1.0
     263.300000             1.0
     264.350000             1.0
     265.400000             1.0
     266.450000             1.0
     267.500000             1.0
     268.550000             1.0
     312.250000             1.0
     313.300000             1.0
     314.350000             1.0
     315.400000             1.0
     316.450000             1.0
     317.500000             1.0
     318.550000             1.0
     362.250000             1.0
     363.300000             1.0
     364.350000             1.0
     365.400000             1.0
     366.450000             1.0
     367.500000             1.0
     368.550000             1.0
     412.250000             1.0
     413.300000             1.0
     414.350000             1.0
     415.400000             1.0
     416.450000             1.0
     417.500000             1.0
     418.550000             1.0
     462.250000             1.0
     463.300000             1.0
     464.350000             1.0
     465.400000             1.0
     466.450000             1.0
     467.500000             1.0
     468.550000             1.0
     512.250000             1.0
     513.300000             1.0
     514.350000             1.0
     515.400000             1.0
     516.450000             1.0
     517.500000             1.0
     518.550000             1.0
     562.250000             1.0
     563.300000             1.0
     564.350000             1.0
     565.400000             1.0
     566.450000             1.0
     567.500000             1.0
     568.550000             1.0
     612.250000             1.0
     613.300000             1.0
     614.350000             1.0
     615.400000             1.0
     616.450000             1.0
     617.500000             1.0
     618.550000             1.0
     662.250000             1.0
     663.300000             1.0
     664.350000             1.0
     665.400000             1.0
     666.450000             1.0
     667.500000             1.0
     668.550000             1.0
     712.250000             1.0
     713.300000             1.0
     714.350000             1.0
     715.400000             1.0
     716.450000             1.0
     717.500000             1.0
     718.550000             1.0
     762.250000             1.0
     763.300000             1.0
     764.350000             1.0
     765.400000             1.0
     766.450000             1.0
     767.500000             1.0
     768.550000             1.0
     812.250000             1.0
     813.300000             1.0
     814.350000             1.0
     815.400000             1.0
     816.450000             1.0
     817.500000             1.0
     818.550000             1.0
     862.250000             1.0
     863.300000             1.0
     864.350000             1.0
     865.400000             1.0
     866.450000             1.0
     867.500000             1.0
     868.550000             1.0
     912.250000             1.0
     913.300000             1.0
     914.350000             1.0
     915.400000             1.0
     916.450000             1.0
     917.500000             1.0
     918.550000             1.0
     961.050000             1.0
     962.100000             1.0
     963.150000             1.0
     964.200000             1.0
     965.250000             1.0
     966.300000             1.0
     967.350000             1.0
      63.600000             2.0
      64.600000             2.0
      65.650000             2.0
      66.700000             2.0
      67.750000             2.0
      68.800000             2.0
      69.850000             2.0
     113.800000             2.0
     114.850000             2.0
     115.900000             2.0
     116.950000             2.0
     118.000000             2.0
     119.050000             2.0
     163.850000             2.0
     164.900000             2.0
     165.950000             2.0
     167.000000             2.0
     168.050000             2.0
     213.900000             2.0
     214.950000             2.0
     216.000000             2.0
     217.050000             2.0
     218.100000             2.0
     263.900000             2.0
     264.950000             2.0
     266.000000             2.0
     267.050000             2.0
     268.100000             2.0
     313.900000             2.0
     314.950000             2.0
     316.000000             2.0
     317.050000             2.0
     318.100000             2.0
     363.900000             2.0
     364.950000             2.0
     366.000000             2.0
     367.050000             2.0
     368.100000             2.0
     413.900000             2.0
     414.950000             2.0
     416.000000             2.0
     417.050000             2.0
     418.100000             2.0
     463.900000             2.0
     464.950000             2.0
     466.000000             2.0
     467.050000             2.0
     468.100000             2.0
     513.900000             2.0
     514.950000             2.0
     516.000000             2.0
     517.050000             2.0
     518.100000             2.0
     563.900000             2.0
     564.950000             2.0
     566.000000             2.0
     567.050000             2.0
     568.100000             2.0
     613.900000             2.0
     614.900000             2.0
     615.950000             2.0
     617.000000             2.0
     618.050000             2.0
     663.900000             2.0
     664.950000             2.0
     666.000000             2.0
     667.050000             2.0
     668.100000             2.0
     713.900000             2.0
     714.950000             2.0
     716.000000             2.0
     717.050000             2.0
     718.100000             2.0
     763.900000             2.0
     764.950000             2.0
     766.000000             2.0
     767.050000             2.0
     768.100000             2.0
     813.900000             2.0
     814.950000             2.0
     816.000000             2.0
     817.050000             2.0
     818.100000             2.0
     863.900000             2.0
     864.950000             2.0
     866.000000             2.0
     867.050000             2.0
     868.100000             2.0
     913.900000             2.0
     914.950000             2.0
     916.000000             2.0
     917.050000             2.0
     918.100000             2.0
     963.900000             2.0
     964.950000             2.0
     966.000000             2.0
     967.050000             2.0
     968.100000             2.0
      63.950000             3.0
      65.000000             3.0
      66.050000             3.0
      67.100000             3.0
      68.150000             3.0
      69.200000             3.0
     114.050000             3.0
     115.100000             3.0
     116.150000             3.0
     117.200000             3.0
     118.250000             3.0
     164.100000             3.0
     165.150000             3.0
     166.200000             3.0
     167.250000             3.0
     168.300000             3.0
     214.150000             3.0
     215.200000             3.0
     216.250000             3.0
     217.300000             3.0
     218.350000             3.0
     264.150000             3.0
     265.200000             3.0
     266.250000             3.0
     267.300000             3.0
     314.150000             3.0
     315.200000             3.0
     316.250000             3.0
     317.300000             3.0
     364.150000             3.0
     365.200000             3.0
     366.250000             3.0
     367.300000             3.0
     414.150000             3.0
     415.200000             3.0
     416.250000             3.0
     417.300000             3.0
     464.150000             3.0
     465.200000             3.0
     466.250000             3.0
     467.300000             3.0
     514.150000             3.0
     515.200000             3.0
     516.250000             3.0
     517.300000             3.0
     564.150000             3.0
     565.200000             3.0
     566.250000             3.0
     567.300000             3.0
     614.150000             3.0
     615.150000             3.0
     616.200000             3.0
     617.250000             3.0
     664.150000             3.0
     665.200000             3.0
     666.250000             3.0
     667.300000             3.0
     714.150000             3.0
     715.200000             3.0
     716.250000             3.0
     717.300000             3.0
     764.150000             3.0
     765.200000             3.0
     766.250000             3.0
     767.300000             3.0
     814.150000             3.0
     815.200000             3.0
     816.250000             3.0
     817.300000             3.0
     864.150000             3.0
     865.200000             3.0
     866.250000             3.0
     867.300000             3.0
     914.150000             3.0
     915.200000             3.0
     916.250000             3.0
     917.300000             3.0
     964.150000             3.0
     965.200000             3.0
     966.250000             3.0
     967.300000             3.0
     968.350000             3.0
      64.000000             4.0
      65.050000             4.0
      66.100000             4.0
      67.150000             4.0
      68.200000             4.0
      69.250000             4.0
     114.100000             4.0
     115.150000             4.0
     116.200000             4.0
     117.250000             4.0
     118.300000             4.0
     164.150000             4.0
     165.200000             4.0
     166.250000             4.0
     167.300000             4.0
     168.350000             4.0
     214.200000             4.0
     215.250000             4.0
     216.300000             4.0
     217.350000             4.0
     264.200000             4.0
     265.250000             4.0
     266.300000             4.0
     267.350000             4.0
     314.200000             4.0
     315.250000             4.0
     316.300000             4.0
     317.350000             4.0
     364.200000             4.0
     365.250000             4.0
     366.300000             4.0
     367.350000             4.0
     414.200000             4.0
     415.250000             4.0
     416.300000             4.0
     417.350000             4.0
     464.200000             4.0
     465.250000             4.0
     466.300000             4.0
     467.350000             4.0
     514.200000             4.0
     515.250000             4.0
     516.300000             4.0
     517.350000             4.0
     564.200000             4.0
     565.250000             4.0
     566.300000             4.0
     567.350000             4.0
     614.200000             4.0
     615.250000             4.0
     616.300000             4.0
     617.350000             4.0
     664.200000             4.0
     665.250000             4.0
     666.300000             4.0
     667.350000             4.0
     714.200000             4.0
     715.250000             4.0
     716.300000             4.0
     717.350000             4.0
     764.200000             4.0
     765.250000             4.0
     766.300000             4.0
     767.350000             4.0
     814.200000             4.0
     815.250000             4.0
     816.300000             4.0
     817.350000             4.0
     864.200000             4.0
     865.250000             4.0
     866.300000             4.0
     867.350000             4.0
     906.700000             4.0
     908.200000             4.0
     914.200000             4.0
     915.250000             4.0
     916.300000             4.0
     917.350000             4.0
     964.200000             4.0
     965.250000             4.0
     966.300000             4.0
     967.350000             4.0
      64.050000             5.0
      65.100000             5.0
      66.150000             5.0
      67.200000             5.0
      68.250000             5.0
      69.300000             5.0
     114.150000             5.0
     115.200000             5.0
     116.250000             5.0
     117.300000             5.0
     118.350000             5.0
     164.200000             5.0
     165.250000             5.0
     166.300000             5.0
     167.350000             5.0
     168.650000             5.0
     214.250000             5.0
     215.300000             5.0
     216.350000             5.0
     217.400000             5.0
     264.250000             5.0
     265.300000             5.0
     266.350000             5.0
     267.400000             5.0
     314.250000             5.0
     315.300000             5.0
     316.350000             5.0
     317.400000             5.0
     364.250000             5.0
     365.300000             5.0
     366.350000             5.0
     367.400000             5.0
     414.250000             5.0
     415.300000             5.0
     416.350000             5.0
     417.400000             5.0
     464.250000             5.0
     465.300000             5.0
     466.350000             5.0
     467.400000             5.0
     514.250000             5.0
     515.300000             5.0
     516.350000             5.0
     517.400000             5.0
     564.250000             5.0
     565.300000             5.0
     566.350000             5.0
     567.400000             5.0
     614.250000             5.0
     615.300000             5.0
     616.350000             5.0
     617.400000             5.0
     664.250000             5.0
     665.300000             5.0
     666.350000             5.0
     667.400000             5.0
     714.250000             5.0
     715.300000             5.0
     716.350000             5.0
     717.400000             5.0
     764.250000             5.0
     765.300000             5.0
     766.350000             5.0
     767.400000             5.0
     814.250000             5.0
     815.300000             5.0
     816.350000             5.0
     817.400000             5.0
     864.250000             5.0
     865.300000             5.0
     866.350000             5.0
     867.400000             5.0
     914.250000             5.0
     915.300000             5.0
     916.350000             5.0
     917.400000             5.0
     964.250000             5.0
     965.300000             5.0
     966.350000             5.0
     967.400000             5.0
     991.050000             5.0
     993.050000             5.0
      64.050000             6.0
      65.100000             6.0
      66.150000             6.0
      67.200000             6.0
      68.250000             6.0
      69.300000             6.0
     114.150000             6.0
     115.200000             6.0
     116.250000             6.0
     117.300000             6.0
     118.350000             6.0
     164.200000             6.0
     165.250000             6.0
     166.300000             6.0
     167.350000             6.0
     214.250000             6.0
     215.300000             6.0
     216.350000             6.0
     217.400000             6.0
     264.250000             6.0
     265.300000             6.0
     266.350000             6.0
     267.400000             6.0
     314.300000             6.0
     315.350000             6.0
     316.400000             6.0
     317.450000             6.0
     364.300000             6.0
     365.350000             6.0
     366.400000             6.0
     367.450000             6.0
     414.300000             6.0
     415.350000             6.0
     416.400000             6.0
     417.450000             6.0
     464.300000             6.0
     465.350000             6.0
     466.400000             6.0
     467.450000             6.0
     514.300000             6.0
     515.350000             6.0
     516.400000             6.0
     517.450000             6.0
     564.300000             6.0
     565.350000             6.0
     566.400000             6.0
     567.450000             6.0
     614.300000             6.0
     615.350000             6.0
     616.400000             6.0
     617.450000             6.0
     664.300000             6.0
     665.350000             6.0
     666.400000             6.0
     667.450000             6.0
     714.300000             6.0
     715.350000             6.0
     716.400000             6.0
     717.450000             6.0
     764.300000             6.0
     765.350000             6.0
     766.400000             6.0
     767.450000             6.0
     814.300000             6.0
     815.350000             6.0
     816.400000             6.0
     817.450000             6.0
     864.300000             6.0
     865.350000             6.0
     866.400000             6.0
     867.450000             6.0
     914.300000             6.0
     915.350000             6.0
     916.400000             6.0
     917.450000             6.0
     964.300000             6.0
     965.350000             6.0
     966.400000             6.0
     967.450000             6.0
     990.350000             6.0
     992.500000             6.0
      64.100000             7.0
      65.150000             7.0
      66.200000             7.0
      67.250000             7.0
      68.300000             7.0
      69.350000             7.0
     114.200000             7.0
     115.250000             7.0
     116.300000             7.0
     117.350000             7.0
     118.400000             7.0
     164.250000             7.0
     165.300000             7.0
     166.350000             7.0
     167.400000             7.0
     214.250000             7.0
     215.300000             7.0
     216.350000             7.0
     217.400000             7.0
     264.300000             7.0
     265.350000             7.0
     266.400000             7.0
     267.450000             7.0
     314.300000             7.0
     315.350000             7.0
     316.400000             7.0
     317.450000             7.0
     364.300000             7.0
     365.350000             7.0
     366.400000             7.0
     367.450000             7.0
     414.300000             7.0
     415.350000             7.0
     416.400000             7.0
     417.450000             7.0
     464.300000             7.0
     465.350000             7.0
     466.400000             7.0
     467.450000             7.0
     514.300000             7.0
     515.350000             7.0
     516.400000             7.0
     517.450000             7.0
     564.300000             7.0
     565.350000             7.0
     566.400000             7.0
     567.450000             7.0
     614.300000             7.0
     615.350000             7.0
     616.400000             7.0
     617.450000             7.0
     664.300000             7.0
     665.350000             7.0
     666.400000             7.0
     667.450000             7.0
     714.300000             7.0
     715.350000             7.0
     716.400000             7.0
     717.450000             7.0
     764.300000             7.0
     765.350000             7.0
     766.400000             7.0
     767.450000             7.0
     814.300000             7.0
     815.350000             7.0
     816.400000             7.0
     817.450000             7.0
     864.300000             7.0
     865.350000             7.0
     866.400000             7.0
     867.450000             7.0
     914.300000             7.0
     915.350000             7.0
     916.400000             7.0
     917.450000             7.0
     964.300000             7.0
     965.350000             7.0
     966.400000             7.0
     967.450000             7.0
      64.100000             8.0
      65.150000             8.0
      66.200000             8.0
      67.250000             8.0
      68.300000             8.0
      69.350000             8.0
     114.200000             8.0
     115.250000             8.0
     116.300000             8.0
     117.350000             8.0
     118.400000             8.0
     164.250000             8.0
     165.300000             8.0
     166.350000             8.0
     167.400000             8.0
     214.300000             8.0
     215.350000             8.0
     216.400000             8.0
     217.450000             8.0
     264.300000             8.0
     265.350000             8.0
     266.400000             8.0
     267.450000             8.0
     314.300000             8.0
     315.350000             8.0
     316.400000             8.0
     317.450000             8.0
     364.300000             8.0
     365.350000             8.0
     366.400000             8.0
     367.450000             8.0
     414.300000             8.0
     415.350000             8.0
     416.400000             8.0
     417.450000             8.0
     464.300000             8.0
     465.350000             8.0
     466.400000             8.0
     467.450000             8.0
     514.300000             8.0
     515.350000             8.0
     516.400000             8.0
     517.450000             8.0
     564.300000             8.0
     565.350000             8.0
     566.400000             8.0
     567.450000             8.0
     614.300000             8.0
     615.350000             8.0
     616.400000             8.0
     617.450000             8.0
     664.300000             8.0
     665.350000             8.0
     666.400000             8.0
     667.450000             8.0
     714.300000             8.0
     715.350000             8.0
     716.400000             8.0
     717.450000             8.0
     764.300000             8.0
     765.350000             8.0
     766.400000             8.0
     767.450000             8.0
     814.300000             8.0
     815.350000             8.0
     816.400000             8.0
     817.450000             8.0
     864.300000             8.0
     865.350000             8.0
     866.400000             8.0
     867.450000             8.0
     906.100000             8.0
     907.600000             8.0
     914.300000             8.0
     915.350000             8.0
     916.400000             8.0
     964.300000             8.0
     965.350000             8.0
     966.400000             8.0
     967.450000             8.0
      64.100000             9.0
      65.150000             9.0
      66.200000             9.0
      67.250000             9.0
      68.300000             9.0
     114.200000             9.0
     115.250000             9.0
     116.300000             9.0
     117.350000             9.0
     118.450000             9.0
     164.250000             9.0
     165.300000             9.0
     166.350000             9.0
     167.400000             9.0
     214.300000             9.0
     215.350000             9.0
     216.400000             9.0
     217.450000             9.0
     264.300000             9.0
     265.350000             9.0
     266.400000             9.0
     267.450000             9.0
     314.300000             9.0
     315.350000             9.0
     316.400000             9.0
     317.450000             9.0
     364.350000             9.0
     365.400000             9.0
     366.450000             9.0
     367.500000             9.0
     414.350000             9.0
     415.400000             9.0
     416.450000             9.0
     417.500000             9.0
     464.350000             9.0
     465.400000             9.0
     466.450000             9.0
     467.500000             9.0
     514.350000             9.0
     515.400000             9.0
     516.450000             9.0
     517.500000             9.0
     564.350000             9.0
     565.400000             9.0
     566.450000             9.0
     567.500000             9.0
     614.350000             9.0
     615.400000             9.0
     616.450000             9.0
     617.500000             9.0
     664.350000             9.0
     665.400000             9.0
     666.450000             9.0
     667.500000             9.0
     714.350000             9.0
     715.400000             9.0
     716.450000             9.0
     717.500000             9.0
     764.350000             9.0
     765.400000             9.0
     766.450000             9.0
     767.500000             9.0
     814.350000             9.0
     815.400000             9.0
     816.450000             9.0
     817.500000             9.0
     864.350000             9.0
     865.400000             9.0
     866.450000             9.0
     867.500000             9.0
     914.350000             9.0
     915.400000             9.0
     916.450000             9.0
     917.500000             9.0
     946.700000             9.0
     948.400000             9.0
     964.350000             9.0
     965.400000             9.0
     966.450000             9.0
      64.100000            10.0
      65.150000            10.0
      66.200000            10.0
      67.250000            10.0
      68.300000            10.0
     114.200000            10.0
     115.250000            10.0
     116.300000            10.0
     117.350000            10.0
     164.300000            10.0
     165.350000            10.0
     166.400000            10.0
     167.450000            10.0
     214.300000            10.0
     215.350000            10.0
     216.400000            10.0
     217.450000            10.0
     264.350000            10.0
     265.400000            10.0
     266.450000            10.0
     267.500000            10.0
     314.350000            10.0
     315.400000            10.0
     316.450000            10.0
     317.500000            10.0
     364.350000            10.0
     365.400000            10.0
     366.450000            10.0
     367.500000            10.0
     414.350000            10.0
     415.400000            10.0
     416.450000            10.0
     417.500000            10.0
     464.350000            10.0
     465.400000            10.0
     466.450000            10.0
     467.500000            10.0
     514.350000            10.0
     515.400000            10.0
     516.450000            10.0
     517.500000            10.0
     564.350000            10.0
     565.400000            10.0
     566.450000            10.0
     567.500000            10.0
     614.350000            10.0
     615.400000            10.0
     616.450000            10.0
     617.500000            10.0
     664.350000            10.0
     665.400000            10.0
     666.450000            10.0
     667.500000            10.0
     714.350000            10.0
     715.400000            10.0
     716.450000            10.0
     717.500000            10.0
     764.350000            10.0
     765.400000            10.0
     766.450000            10.0
     767.500000            10.0
     814.350000            10.0
     815.400000            10.0
     816.450000            10.0
     817.500000            10.0
     864.350000            10.0
     865.400000            10.0
     866.450000            10.0
     867.500000            10.0
     901.350000            10.0
     902.950000            10.0
     914.350000            10.0
     915.400000            10.0
     916.450000            10.0
     964.350000            10.0
     965.400000            10.0
     966.450000            10.0
     967.500000            10.0
      64.100000            11.0
      65.150000            11.0
      66.200000            11.0
      67.250000            11.0
      68.300000            11.0
     114.250000            11.0
     115.300000            11.0
     116.350000            11.0
     117.400000            11.0
     164.300000            11.0
     165.350000            11.0
     166.400000            11.0
     167.450000            11.0
     214.350000            11.0
     215.400000            11.0
     216.450000            11.0
     217.500000            11.0
     264.350000            11.0
     265.400000            11.0
     266.450000            11.0
     267.550000            11.0
     314.350000            11.0
     315.400000            11.0
     316.450000            11.0
     317.600000            11.0
     364.350000            11.0
     365.400000            11.0
     366.450000            11.0
     367.650000            11.0
     414.350000            11.0
     415.400000            11.0
     416.450000            11.0
     417.650000            11.0
     464.350000            11.0
     465.400000            11.0
     466.450000            11.0
     467.650000            11.0
     514.350000            11.0
     515.400000            11.0
     516.450000            11.0
     517.650000            11.0
     564.350000            11.0
     565.400000            11.0
     566.450000            11.0
     567.650000            11.0
     614.350000            11.0
     615.400000            11.0
     616.450000            11.0
     617.650000            11.0
     664.350000            11.0
     665.400000            11.0
     666.450000            11.0
     667.650000            11.0
     714.350000            11.0
     715.400000            11.0
     716.450000            11.0
     717.650000            11.0
     764.350000            11.0
     765.400000            11.0
     766.450000            11.0
     767.650000            11.0
     814.350000            11.0
     815.400000            11.0
     816.450000            11.0
     817.650000            11.0
     864.350000            11.0
     865.400000            11.0
     866.450000            11.0
     867.650000            11.0
     914.350000            11.0
     915.400000            11.0
     916.450000            11.0
     917.650000            11.0
     964.350000            11.0
     965.400000            11.0
     966.450000            11.0
     967.500000            11.0
      64.150000            12.0
      65.200000            12.0
      66.250000            12.0
      67.300000            12.0
      68.350000            12.0
     114.250000            12.0
     115.300000            12.0
     116.350000            12.0
     117.400000            12.0
     164.300000            12.0
     165.350000            12.0
     166.400000            12.0
     167.450000            12.0
     214.350000            12.0
     215.400000            12.0
     216.450000            12.0
     217.650000            12.0
     264.400000            12.0
     265.450000            12.0
     266.500000            12.0
     314.400000            12.0
     315.450000            12.0
     316.500000            12.0
     364.400000            12.0
     365.450000            12.0
     366.500000            12.0
     414.400000            12.0
     415.450000            12.0
     416.500000            12.0
     464.400000            12.0
     465.450000            12.0
     466.500000            12.0
     514.400000            12.0
     515.450000            12.0
     516.500000            12.0
     564.400000            12.0
     565.450000            12.0
     566.500000            12.0
     614.400000            12.0
     615.450000            12.0
     616.500000            12.0
     664.400000            12.0
     665.450000            12.0
     666.500000            12.0
     714.400000            12.0
     715.450000            12.0
     716.500000            12.0
     764.400000            12.0
     765.450000            12.0
     766.500000            12.0
     814.400000            12.0
     815.450000            12.0
     816.500000            12.0
     864.400000            12.0
     865.450000            12.0
     866.500000            12.0
     914.400000            12.0
     915.450000            12.0
     916.500000            12.0
     936.000000            12.0
     938.050000            12.0
     964.400000            12.0
     965.450000            12.0
     966.500000            12.0
      64.150000            13.0
      65.200000            13.0
      66.250000            13.0
      67.300000            13.0
      68.350000            13.0
     114.250000            13.0
     115.300000            13.0
     116.350000            13.0
     117.400000            13.0
     164.350000            13.0
     165.400000            13.0
     166.450000            13.0
     167.650000            13.0
     214.400000            13.0
     215.450000            13.0
     216.500000            13.0
     264.400000            13.0
     265.450000            13.0
     266.500000            13.0
     314.450000            13.0
     315.500000            13.0
     316.550000            13.0
     364.450000            13.0
     365.500000            13.0
     366.550000            13.0
     414.450000            13.0
     415.500000            13.0
     416.550000            13.0
     464.450000            13.0
     465.500000            13.0
     466.550000            13.0
     514.450000            13.0
     515.500000            13.0
     516.550000            13.0
     564.450000            13.0
     565.500000            13.0
     566.550000            13.0
     614.450000            13.0
     615.500000            13.0
     616.550000            13.0
     664.450000            13.0
     665.500000            13.0
     666.550000            13.0
     714.450000            13.0
     715.500000            13.0
     716.550000            13.0
     764.450000            13.0
     765.500000            13.0
     766.550000            13.0
     814.450000            13.0
     815.500000            13.0
     816.550000            13.0
     864.450000            13.0
     865.500000            13.0
     866.550000            13.0
     914.450000            13.0
     915.500000            13.0
     916.550000            13.0
     924.850000            13.0
     964.450000            13.0
     965.500000            13.0
     966.550000            13.0
      64.150000            14.0
      65.200000            14.0
      66.250000            14.0
      67.300000            14.0
      68.400000            14.0
     114.300000            14.0
     115.350000            14.0
     116.400000            14.0
     117.450000            14.0
     164.400000            14.0
     165.450000            14.0
     166.500000            14.0
     214.450000            14.0
     215.500000            14.0
     216.550000            14.0
     264.450000            14.0
     265.500000            14.0
     266.550000            14.0
     314.500000            14.0
     315.550000            14.0
     316.600000            14.0
     364.500000            14.0
     365.550000            14.0
     366.600000            14.0
     414.500000            14.0
     415.550000            14.0
     416.600000            14.0
     464.500000            14.0
     465.550000            14.0
     466.600000            14.0
     514.500000            14.0
     515.550000            14.0
     516.600000            14.0
     564.500000            14.0
     565.550000            14.0
     566.600000            14.0
     614.500000            14.0
     615.550000            14.0
     616.600000            14.0
     664.500000            14.0
     665.550000            14.0
     666.600000            14.0
     714.500000            14.0
     715.550000            14.0
     716.600000            14.0
     764.500000            14.0
     765.550000            14.0
     766.600000            14.0
     814.500000            14.0
     815.550000            14.0
     816.600000            14.0
     864.150000            14.0
     865.200000            14.0
     866.250000            14.0
     867.550000            14.0
     914.500000            14.0
     915.550000            14.0
     916.600000            14.0
     964.500000            14.0
     965.550000            14.0
     966.600000            14.0
      64.200000            15.0
      65.250000            15.0
      66.300000            15.0
      67.350000            15.0
     114.350000            15.0
     115.400000            15.0
     116.450000            15.0
     117.800000            15.0
     164.450000            15.0
     165.500000            15.0
     166.550000            15.0
     214.500000            15.0
     215.550000            15.0
     216.600000            15.0
     264.550000            15.0
     265.600000            15.0
     266.650000            15.0
     314.550000            15.0
     315.600000            15.0
     316.700000            15.0
     364.550000            15.0
     365.600000            15.0
     366.700000            15.0
     414.550000            15.0
     415.600000            15.0
     416.700000            15.0
     464.550000            15.0
     465.600000            15.0
     466.700000            15.0
     514.550000            15.0
     515.600000            15.0
     516.700000            15.0
     564.550000            15.0
     565.600000            15.0
     566.700000            15.0
     614.550000            15.0
     615.600000            15.0
     616.700000            15.0
     664.550000            15.0
     665.600000            15.0
     666.700000            15.0
     714.550000            15.0
     715.600000            15.0
     716.700000            15.0
     764.550000            15.0
     765.600000            15.0
     766.700000            15.0
     814.550000            15.0
     815.600000            15.0
     816.700000            15.0
     864.550000            15.0
     865.600000            15.0
     866.700000            15.0
     914.450000            15.0
     915.500000            15.0
     916.550000            15.0
     964.550000            15.0
     965.600000            15.0
     966.700000            15.0
      64.250000            16.0
      65.300000            16.0
      66.350000            16.0
      67.400000            16.0
     114.400000            16.0
     115.450000            16.0
     116.500000            16.0
     164.550000            16.0
     165.600000            16.0
     166.650000            16.0
     214.600000            16.0
     215.650000            16.0
     216.800000            16.0
     264.650000            16.0
     265.700000            16.0
     267.000000            16.0
     314.650000            16.0
     315.700000            16.0
     317.050000            16.0
     364.650000            16.0
     365.700000            16.0
     367.050000            16.0
     414.650000            16.0
     415.700000            16.0
     417.050000            16.0
     464.650000            16.0
     465.700000            16.0
     467.050000            16.0
     514.650000            16.0
     515.700000            16.0
     517.050000            16.0
     564.650000            16.0
     565.700000            16.0
     567.050000            16.0
     614.650000            16.0
     615.700000            16.0
     617.050000            16.0
     664.650000            16.0
     665.700000            16.0
     667.050000            16.0
     714.650000            16.0
     715.700000            16.0
     717.050000            16.0
     764.650000            16.0
     765.700000            16.0
     767.050000            16.0
     814.650000            16.0
     815.700000            16.0
     817.050000            16.0
     862.400000            16.0
     863.850000            16.0
     864.900000            16.0
     866.600000            16.0
     914.650000            16.0
     915.700000            16.0
     917.100000            16.0
     964.650000            16.0
     965.700000            16.0
     967.050000            16.0
      64.300000            17.0
      65.350000            17.0
      66.400000            17.0
      67.450000            17.0
     114.500000            17.0
     115.550000            17.0
     116.600000            17.0
     164.650000            17.0
     165.700000            17.0
     167.000000            17.0
     214.700000            17.0
     215.750000            17.0
     217.400000            17.0
     264.750000            17.0
     265.800000            17.0
     314.750000            17.0
     315.800000            17.0
     364.750000            17.0
     365.850000            17.0
     414.750000            17.0
     415.850000            17.0
     464.750000            17.0
     465.850000            17.0
     514.750000            17.0
     515.850000            17.0
     564.750000            17.0
     565.850000            17.0
     614.750000            17.0
     615.850000            17.0
     664.750000            17.0
     665.850000            17.0
     714.750000            17.0
     715.850000            17.0
     764.750000            17.0
     765.850000            17.0
     814.750000            17.0
     815.850000            17.0
     829.450000            17.0
     831.600000            17.0
     864.800000            17.0
     865.900000            17.0
     913.450000            17.0
     914.500000            17.0
     915.550000            17.0
     964.800000            17.0
     965.900000            17.0
      64.350000            18.0
      65.400000            18.0
      66.450000            18.0
     114.600000            18.0
     115.650000            18.0
     116.900000            18.0
     164.750000            18.0
     165.800000            18.0
     214.850000            18.0
     216.050000            18.0
     264.900000            18.0
     266.150000            18.0
     314.950000            18.0
     316.200000            18.0
     364.950000            18.0
     366.200000            18.0
     414.950000            18.0
     416.200000            18.0
     464.950000            18.0
     466.200000            18.0
     514.950000            18.0
     516.200000            18.0
     564.950000            18.0
     566.200000            18.0
     614.950000            18.0
     616.200000            18.0
     664.950000            18.0
     666.200000            18.0
     714.950000            18.0
     716.200000            18.0
     764.950000            18.0
     766.200000            18.0
     814.950000            18.0
     816.200000            18.0
     864.950000            18.0
     866.200000            18.0
     914.950000            18.0
     916.200000            18.0
     953.100000            18.0
     954.550000            18.0
     964.950000            18.0
     967.150000            18.0
      64.450000            19.0
      65.500000            19.0
      66.550000            19.0
     114.750000            19.0
     115.800000            19.0
     164.950000            19.0
     166.250000            19.0
     215.100000            19.0
     216.550000            19.0
     265.150000            19.0
     266.650000            19.0
     315.200000            19.0
     316.750000            19.0
     365.200000            19.0
     366.750000            19.0
     415.200000            19.0
     416.750000            19.0
     465.200000            19.0
     466.750000            19.0
     515.200000            19.0
     516.750000            19.0
     565.200000            19.0
     566.750000            19.0
     615.200000            19.0
     616.750000            19.0
     665.200000            19.0
     666.750000            19.0
     715.200000            19.0
     716.750000            19.0
     765.200000            19.0
     766.750000            19.0
     815.200000            19.0
     816.750000            19.0
     865.200000            19.0
     866.750000            19.0
     915.200000            19.0
     916.750000            19.0
     965.200000            19.0
     966.750000            19.0
     993.150000            19.0
     994.700000            19.0
      64.550000            20.0
      65.600000            20.0
      66.800000            20.0
     114.950000            20.0
     116.200000            20.0
     165.250000            20.0
     166.750000            20.0
     215.400000            20.0
     217.250000            20.0
     265.500000            20.0
     315.550000            20.0
     365.550000            20.0
     415.550000            20.0
     465.550000            20.0
     515.550000            20.0
     565.550000            20.0
     615.550000            20.0
     665.550000            20.0
     715.550000            20.0
     765.550000            20.0
     815.550000            20.0
     865.550000            20.0
     915.550000            20.0
     940.050000            20.0
     941.550000            20.0
     965.650000            20.0
      64.750000            21.0
      65.800000            21.0
     115.250000            21.0
     116.800000            21.0
     165.650000            21.0
     215.900000            21.0
     266.000000            21.0
     316.100000            21.0
     366.100000            21.0
     416.100000            21.0
     466.100000            21.0
     516.100000            21.0
     566.100000            21.0
     616.100000            21.0
     666.100000            21.0
     716.100000            21.0
     766.100000            21.0
     816.100000            21.0
     856.450000            21.0
     857.900000            21.0
     866.550000            21.0
     916.100000            21.0
     956.700000            21.0
     958.150000            21.0
     966.700000            21.0
      65.000000            22.0
      66.350000            22.0
     115.700000            22.0
     166.300000            22.0
     216.700000            22.0
     266.950000            22.0
     317.050000            22.0
     367.100000            22.0
     417.100000            22.0
     467.100000            22.0
     517.100000            22.0
     567.100000            22.0
     617.100000            22.0
     667.100000            22.0
     717.100000            22.0
     767.100000            22.0
     817.100000            22.0
     867.100000            22.0
     917.100000            22.0
     961.550000            22.0
     963.000000            22.0
      65.450000            23.0
      68.000000            23.0
     116.500000            23.0
     168.250000            23.0
      66.150000            24.0
     883.800000            24.0
     885.200000            24.0
      68.000000            25.0
     964.800000            25.0
     966.100000            25.0
     986.750000            26.0
     988.150000            26.0
     992.400000            27.0
     993.800000            27.0
     820.100000            28.0
     821.500000            28.0
     959.000000            28.0
     960.400000            28.0
     856.400000            29.0
     857.800000            29.0
     969.650000            29.0
     971.050000            29.0
     790.600000            30.0
     792.000000            30.0
     997.500000            31.0
     998.900000            31.0
     915.100000            32.0
     916.500000            32.0
     919.750000            33.0
     921.150000            33.0
     982.300000            33.0
     983.700000            33.0
     945.200000            35.0
     946.600000            35.0
     868.200000            36.0
     869.600000            36.0
     986.800000            36.0
     988.200000            36.0
     935.050000            37.0
     936.450000            37.0
     929.150000            38.0
     930.550000            38.0
     935.300000            39.0
     936.700000            39.0
     959.600000            40.0
     961.000000            40.0
     989.300000            41.0
     990.700000            41.0
     780.250000            42.0
     781.650000            42.0
     853.000000            42.0
     854.400000            42.0
     938.800000            42.0
     940.200000            42.0
     893.900000            43.0
     895.300000            43.0
     978.400000            43.0
     979.800000            43.0
     981.950000            44.0
     983.350000            44.0
     982.350000            45.0
     983.750000            45.0
     928.950000            46.0
     930.350000            46.0
     856.550000            47.0
     857.950000            47.0
     945.800000            47.0
     947.200000            47.0
     942.950000            48.0
     944.350000            48.0
     949.800000            49.0
     951.200000            49.0
     887.550000            50.0
     888.950000            50.0
     991.800000            51.0
     993.200000            51.0
     951.100000            52.0
     952.500000            52.0
     982.200000            53.0
     983.600000            53.0
     951.700000            54.0
     953.100000            54.0
     978.100000            55.0
     979.500000            55.0
     909.050000            56.0
     910.450000            56.0
     813.950000            57.0
     815.350000            57.0
     924.300000            57.0
     925.700000            57.0
     878.650000            58.0
     880.050000            58.0
     951.200000            59.0
     952.600000            59.0
     901.250000            60.0
     902.650000            60.0
     990.250000            60.0
     991.650000            60.0
     973.550000            61.0
     974.950000            61.0
     970.150000            62.0
     971.550000            62.0
     848.050000            63.0
     849.450000            63.0
     911.700000            64.0
     913.100000            64.0
     866.550000            65.0
     867.950000            65.0
     998.600000            65.0
     996.050000            66.0
     997.450000            66.0
     999.600000            67.0
     884.750000            68.0
     886.150000            68.0
     973.050000            69.0
     974.450000            69.0
     932.750000            70.0
     934.150000            70.0
     921.150000            71.0
     922.550000            71.0
     990.350000            72.0
     991.750000            72.0
     970.200000            73.0
     971.600000            73.0
     999.300000            74.0
     997.350000            75.0
     998.750000            75.0
     956.350000            76.0
     957.750000            76.0
     996.400000            77.0
     997.800000            77.0
     898.600000            78.0
     900.000000            78.0
     984.200000            79.0
     985.600000            79.0
     796.500000            80.0
     797.900000            80.0
     965.250000            81.0
     966.650000            81.0
     996.500000            82.0
     997.900000            82.0
     969.850000            83.0
     971.250000            83.0
     870.400000            84.0
     871.800000            84.0
     978.250000            86.0
     979.650000            86.0
     896.000000            87.0
     897.400000            87.0
     831.450000            88.0
     832.850000            88.0
     980.750000            88.0
     982.150000            88.0
     753.450000            89.0
     754.850000            89.0
     859.250000            89.0
     860.650000            89.0
     781.000000            90.0
     782.400000            90.0
     864.550000            90.0
     865.950000            90.0
     987.000000            90.0
     988.400000            90.0
     874.350000            91.0
     875.750000            91.0
     952.650000            92.0
     954.050000            92.0
     969.400000            93.0
     970.800000            93.0
     869.300000            94.0
     870.700000            94.0
     920.500000            95.0
     921.900000            95.0
     913.650000            96.0
     915.050000            96.0
     947.700000            97.0
     949.100000            97.0
     945.300000            98.0
     946.700000            98.0
     956.550000            99.0
     957.950000            99.0
     972.500000           100.0
     973.900000           100.0
     869.100000           101.0
     870.500000           101.0
     986.600000           102.0
     988.000000           102.0
     894.900000           103.0
     896.300000           103.0
     970.100000           103.0
     971.500000           103.0
     911.100000           104.0
     912.500000           104.0
     982.800000           105.0
     984.200000           105.0
     997.500000           106.0
     998.900000           106.0
     932.850000           107.0
     934.250000           107.0
     960.950000           108.0
     962.350000           108.0
     950.700000           109.0
     952.100000           109.0
     946.350000           110.0
     947.750000           110.0
     967.550000           111.0
     968.950000           111.0
     893.750000           112.0
     895.150000           112.0
     965.350000           113.0
     966.750000           113.0
     910.550000           114.0
     911.950000           114.0
     890.600000           115.0
     892.000000           115.0
     936.650000           116.0
     938.050000           116.0
     829.050000           117.0
     830.450000           117.0
     904.550000           117.0
     905.950000           117.0
     982.300000           118.0
     983.700000           118.0
     914.800000           119.0
     916.200000           119.0
     999.750000           119.0
     984.650000           120.0
     986.050000           120.0
     921.000000           121.0
     922.400000           121.0
     965.500000           122.0
     966.900000           122.0
     986.850000           123.0
     988.250000           123.0
     972.850000           124.0
     974.250000           124.0
     923.500000           125.0
     924.900000           125.0
     880.550000           126.0
     881.950000           126.0
     922.750000           127.0
     924.150000           127.0
     985.550000           127.0
     986.950000           127.0
     910.050000           128.0
     911.450000           128.0
     948.300000           129.0
     949.700000           129.0
     948.200000           130.0
     949.600000           130.0
     989.500000           131.0
     990.900000           131.0
     975.700000           132.0
     977.100000           132.0
     849.850000           133.0
     851.250000           133.0
     986.850000           134.0
     988.250000           134.0
     950.350000           135.0
     951.750000           135.0
     989.650000           136.0
     991.050000           136.0
     952.100000           137.0
     953.500000           137.0
     903.850000           138.0
     905.250000           138.0
     911.100000           139.0
     912.500000           139.0
     928.250000           140.0
     929.650000           140.0
     855.050000           141.0
     856.450000           141.0
     766.200000           142.0
     767.600000           142.0
     879.400000           142.0
     880.800000           142.0
     981.750000           142.0
     983.150000           142.0
     945.200000           143.0
     946.600000           143.0
     953.750000           144.0
     955.150000           144.0
     850.400000           145.0
     851.800000           145.0
     940.700000           145.0
     942.100000           145.0
     957.650000           146.0
     959.050000           146.0
     907.800000           147.0
     909.200000           147.0
     934.200000           148.0
     935.600000           148.0
     903.350000           149.0
     904.750000           149.0
     958.900000           150.0
     960.300000           150.0
     875.550000           151.0
     876.950000           151.0
     901.500000           152.0
     902.900000           152.0
     941.650000           153.0
     943.050000           153.0
     881.400000           154.0
     882.800000           154.0
     976.750000           154.0
     978.150000           154.0
     862.000000           155.0
     863.400000           155.0
     992.500000           155.0
     993.900000           155.0
     904.400000           156.0
     905.800000           156.0
     941.450000           157.0
     942.850000           157.0
     981.900000           158.0
     983.300000           158.0
     891.200000           159.0
     892.600000           159.0
     976.700000           160.0
     978.100000           160.0
     923.450000           161.0
     924.850000           161.0
     859.600000           162.0
     861.000000           162.0
     940.600000           163.0
     942.000000           163.0
     910.500000           164.0
     911.900000           164.0
     845.900000           165.0
     847.300000           165.0
     952.050000           165.0
     953.450000           165.0
     965.600000           166.0
     967.000000           166.0
     957.950000           167.0
     959.350000           167.0
     924.300000           168.0
     925.700000           168.0
     959.350000           169.0
     960.750000           169.0
     967.700000           170.0
     969.100000           170.0
     850.700000           171.0
     852.100000           171.0
     960.800000           172.0
     962.200000           172.0
     931.650000           173.0
     933.050000           173.0
     846.050000           174.0
     847.450000           174.0
     964.750000           175.0
     966.150000           175.0
     965.000000           176.0
     966.400000           176.0
     935.650000           177.0
     937.050000           177.0
     878.700000           178.0
     880.100000           178.0
     844.850000           179.0
     846.250000           179.0
     952.400000           179.0
     953.800000           179.0
     809.300000           180.0
     810.700000           180.0
     938.050000           180.0
     939.450000           180.0
     927.550000           181.0
     928.950000           181.0
     769.350000           182.0
     770.750000           182.0
     919.950000           182.0
     921.350000           182.0
     903.600000           183.0
     905.000000           183.0
     814.700000           184.0
     816.100000           184.0
     983.050000           184.0
     984.450000           184.0
     916.000000           185.0
     917.400000           185.0
     950.450000           186.0
     951.850000           186.0
     917.150000           187.0
     918.550000           187.0
     872.200000           188.0
     873.600000           188.0
     975.200000           188.0
     976.600000           188.0
     987.650000           189.0
     989.050000           189.0
     987.650000           190.0
     989.050000           190.0
     907.900000           191.0
     909.300000           191.0
     819.750000           192.0
     821.150000           192.0
     940.550000           192.0
     941.950000           192.0
     974.100000           193.0
     975.500000           193.0
     993.550000           194.0
     994.950000           194.0
     913.650000           195.0
     915.050000           195.0
     839.300000           196.0
     840.700000           196.0
     997.500000           196.0
     998.900000           196.0
     903.350000           197.0
     904.750000           197.0
     983.600000           197.0
     985.000000           197.0
     924.650000           198.0
     926.050000           198.0
     967.200000           199.0
     968.600000           199.0
     851.250000           200.0
     852.650000           200.0
     934.450000           201.0
     935.850000           201.0
     999.000000           202.0
     951.150000           203.0
     952.550000           203.0
     934.250000           204.0
     935.650000           204.0
     834.100000           205.0
     835.500000           205.0
     959.300000           205.0
     960.700000           205.0
     994.000000           206.0
     995.400000           206.0
     782.900000           207.0
     784.300000           207.0
     905.800000           207.0
     907.200000           207.0
     977.600000           208.0
     979.000000           208.0
     874.600000           209.0
     876.000000           209.0
     857.400000           210.0
     858.800000           210.0
     998.900000           210.0
     913.500000           211.0
     914.900000           211.0
     784.950000           212.0
     786.350000           212.0
     928.800000           212.0
     930.200000           212.0
     940.950000           213.0
     942.350000           213.0
     923.000000           214.0
     924.400000           214.0
     911.300000           215.0
     912.700000           215.0
     976.900000           216.0
     978.300000           216.0
     858.250000           217.0
     859.650000           217.0
     941.850000           217.0
     943.250000           217.0
     911.500000           218.0
     912.900000           218.0
     845.850000           219.0
     847.250000           219.0
     951.900000           220.0
     953.300000           220.0
     848.550000           221.0
     849.950000           221.0
     950.500000           221.0
     951.900000           221.0
     838.850000           222.0
     840.250000           222.0
     971.700000           222.0
     973.100000           222.0
     856.650000           223.0
     858.050000           223.0
     986.850000           223.0
     988.250000           223.0
     969.050000           224.0
     970.450000           224.0
     870.400000           225.0
     871.800000           225.0
     949.500000           225.0
     950.900000           225.0
     956.150000           226.0
     957.550000           226.0
     914.950000           227.0
     916.350000           227.0
     960.700000           228.0
     962.100000           228.0
     929.850000           229.0
     931.250000           229.0
     990.050000           230.0
     991.450000           230.0
     893.250000           231.0
     894.650000           231.0
     978.900000           232.0
     980.300000           232.0
     819.450000           233.0
     820.850000           233.0
     984.200000           233.0
     985.600000           233.0
     972.350000           234.0
     973.750000           234.0
     804.700000           235.0
     806.100000           235.0
     925.150000           236.0
     926.550000           236.0
     891.150000           237.0
     892.550000           237.0
     850.050000           238.0
     851.450000           238.0
     973.350000           238.0
     974.750000           238.0
     879.050000           239.0
     880.450000           239.0
     991.200000           239.0
     992.600000           239.0
     949.900000           240.0
     951.300000           240.0
     994.500000           241.0
     995.900000           241.0
     899.700000           242.0
     901.100000           242.0
     926.950000           243.0
     928.350000           243.0
     895.750000           244.0
     897.150000           244.0
     973.450000           245.0
     974.850000           245.0
     901.850000           246.0
     903.250000           246.0
     941.300000           247.0
     942.700000           247.0
     996.650000           248.0
     998.050000           248.0
     998.000000           249.0
     999.400000           249.0
     884.200000           250.0
     885.600000           250.0
     860.450000           251.0
     861.850000           251.0
     931.550000           251.0
     932.950000           251.0
     857.850000           252.0
     859.250000           252.0
     946.850000           252.0
     948.250000           252.0
     842.950000           253.0
     844.350000           253.0
     949.100000           253.0
     950.500000           253.0
     981.900000           254.0
     983.300000           254.0
     916.650000           255.0
     918.050000           255.0
     902.850000           256.0
     904.250000           256.0
     985.300000           257.0
     986.700000           257.0
     925.950000           258.0
     927.350000           258.0
     956.550000           259.0
     957.950000           259.0
     901.650000           260.0
     903.050000           260.0
     923.950000           261.0
     925.350000           261.0
     855.450000           262.0
     856.850000           262.0
     950.100000           262.0
     951.500000           262.0
     967.400000           263.0
     968.800000           263.0
     916.450000           264.0
     917.850000           264.0
     893.150000           265.0
     894.550000           265.0
     855.450000           266.0
     856.850000           266.0
     948.650000           266.0
     950.050000           266.0
     984.550000           267.0
     985.950000           267.0
     910.900000           268.0
     912.300000           268.0
     992.100000           269.0
     993.500000           269.0
     841.950000           270.0
     843.350000           270.0
     951.150000           270.0
     952.550000           270.0
     909.750000           271.0
     911.150000           271.0
     875.800000           272.0
     877.200000           272.0
     835.850000           273.0
     837.250000           273.0
     996.550000           274.0
     997.950000           274.0
     972.300000           275.0
     973.700000           275.0
     952.250000           276.0
     953.650000           276.0
     974.000000           277.0
     975.400000           277.0
     985.700000           278.0
     987.100000           278.0
     856.800000           279.0
     858.200000           279.0
     846.450000           280.0
     847.850000           280.0
     986.250000           280.0
     987.650000           280.0
     940.700000           281.0
     942.100000           281.0
     943.700000           282.0
     945.100000           282.0
     883.250000           283.0
     884.650000           283.0
     989.800000           283.0
     991.200000           283.0
     856.800000           284.0
     858.200000           284.0
     989.500000           284.0
     990.900000           284.0
     911.700000           285.0
     913.100000           285.0
     908.700000           286.0
     910.100000           286.0
     975.050000           286.0
     976.450000           286.0
     791.300000           287.0
     792.700000           287.0
     861.450000           287.0
     862.850000           287.0
     967.850000           288.0
     969.250000           288.0
     981.600000           289.0
     983.000000           289.0
     981.450000           290.0
     982.850000           290.0
     817.950000           291.0
     819.350000           291.0
     910.100000           292.0
     911.500000           292.0
     990.350000           292.0
     991.750000           292.0
     909.900000           293.0
     911.300000           293.0
     923.700000           294.0
     925.100000           294.0
     935.250000           295.0
     936.650000           295.0
     842.950000           296.0
     844.350000           296.0
     960.850000           296.0
     962.250000           296.0
     930.450000           297.0
     931.850000           297.0
     941.300000           298.0
     942.700000           298.0
     821.500000           299.0
     822.900000           299.0
     924.050000           299.0
     925.450000           299.0
     944.250000           300.0
     945.650000           300.0
