      24.700000             1.0
      25.750000             1.0
      26.800000             1.0
      27.850000             1.0
      28.900000             1.0
      29.950000             1.0
      31.000000             1.0
      32.050000             1.0
      37.350000             1.0
      38.400000             1.0
      39.450000             1.0
      40.500000             1.0
      41.550000             1.0
      50.150000             1.0
      51.200000             1.0
      52.250000             1.0
      53.300000             1.0
      62.550000             1.0
      63.600000             1.0
      64.600000             1.0
      65.650000             1.0
      75.000000             1.0
      76.050000             1.0
      77.050000             1.0
      78.100000             1.0
      87.500000             1.0
      88.550000             1.0
      89.600000             1.0
      90.650000             1.0
     100.000000             1.0
     101.050000             1.0
     102.100000             1.0
     103.200000             1.0
     112.500000             1.0
     113.550000             1.0
     114.600000             1.0
     115.800000             1.0
     125.000000             1.0
     126.050000             1.0
     127.100000             1.0
     128.400000             1.0
     137.500000             1.0
     138.550000             1.0
     139.600000             1.0
     140.700000             1.0
     150.000000             1.0
     151.050000             1.0
     152.100000             1.0
     153.150000             1.0
     162.500000             1.0
     163.550000             1.0
     164.600000             1.0
     165.650000             1.0
     175.000000             1.0
     176.050000             1.0
     177.100000             1.0
     178.150000             1.0
     187.500000             1.0
     188.550000             1.0
     189.600000             1.0
     190.650000             1.0
     200.000000             1.0
     201.050000             1.0
     202.100000             1.0
     203.150000             1.0
     212.500000             1.0
     213.550000             1.0
     214.600000             1.0
     215.650000             1.0
     225.000000             1.0
     226.050000             1.0
     227.100000             1.0
     228.150000             1.0
     237.500000             1.0
     238.550000             1.0
     239.600000             1.0
     240.650000             1.0
     250.000000             1.0
     251.050000             1.0
     252.100000             1.0
     253.150000             1.0
     262.500000             1.0
     263.550000             1.0
     264.600000             1.0
     265.800000             1.0
     275.000000             1.0
     276.050000             1.0
     277.100000             1.0
     287.350000             1.0
     288.400000             1.0
     289.450000             1.0
     290.500000             1.0
     299.950000             1.0
     301.000000             1.0
     302.050000             1.0
     303.100000             1.0
     312.500000             1.0
     313.550000             1.0
     314.600000             1.0
     315.800000             1.0
     325.000000             1.0
     326.050000             1.0
     327.100000             1.0
     337.350000             1.0
     338.400000             1.0
     339.450000             1.0
     340.500000             1.0
     349.950000             1.0
     351.000000             1.0
     352.050000             1.0
     353.100000             1.0
     362.500000             1.0
     363.550000             1.0
     364.600000             1.0
     365.800000             1.0
     375.000000             1.0
     376.050000             1.0
     377.100000             1.0
     387.350000             1.0
     388.400000             1.0
     389.450000             1.0
     390.500000             1.0
     399.950000             1.0
     401.000000             1.0
     402.050000             1.0
     403.100000             1.0
     412.500000             1.0
     413.550000             1.0
     414.600000             1.0
     415.800000             1.0
     425.000000             1.0
     426.050000             1.0
     427.100000             1.0
     437.350000             1.0
     438.400000             1.0
     439.450000             1.0
     440.500000             1.0
     449.950000             1.0
     451.000000             1.0
     452.050000             1.0
     453.100000             1.0
     462.500000             1.0
     463.550000             1.0
     464.600000             1.0
     465.800000             1.0
     475.000000             1.0
     476.050000             1.0
     477.100000             1.0
     487.350000             1.0
     488.400000             1.0
     489.450000             1.0
     490.500000             1.0
     499.950000             1.0
     501.000000             1.0
     502.050000             1.0
     503.100000             1.0
     512.500000             1.0
     513.550000             1.0
     514.600000             1.0
     515.800000             1.0
     525.000000             1.0
     526.050000             1.0
     527.100000             1.0
     537.350000             1.0
     538.400000             1.0
     539.450000             1.0
     540.500000             1.0
     549.950000             1.0
     551.000000             1.0
     552.050000             1.0
     553.100000             1.0
     562.500000             1.0
     563.550000             1.0
     564.600000             1.0
     565.800000             1.0
     575.000000             1.0
     576.050000             1.0
     577.100000             1.0
     587.350000             1.0
     588.400000             1.0
     589.450000             1.0
     590.500000             1.0
     599.950000             1.0
     601.000000             1.0
     602.050000             1.0
     603.100000             1.0
     612.500000             1.0
     613.550000             1.0
     614.600000             1.0
     615.800000             1.0
     625.000000             1.0
     626.050000             1.0
     627.100000             1.0
     637.350000             1.0
     638.400000             1.0
     639.450000             1.0
     640.500000             1.0
     649.950000             1.0
     651.000000             1.0
     652.050000             1.0
     653.100000             1.0
     662.500000             1.0
     663.550000             1.0
     664.600000             1.0
     665.800000             1.0
     675.000000             1.0
     676.050000             1.0
     677.100000             1.0
     687.350000             1.0
     688.400000             1.0
     689.450000             1.0
     690.500000             1.0
     699.950000             1.0
     701.000000             1.0
     702.050000             1.0
     703.100000             1.0
     712.500000             1.0
     713.550000             1.0
     714.600000             1.0
     715.800000             1.0
     725.000000             1.0
     726.050000             1.0
     727.100000             1.0
     737.350000             1.0
     738.400000             1.0
     739.450000             1.0
     740.500000             1.0
     749.950000             1.0
     751.000000             1.0
     752.050000             1.0
     753.100000             1.0
     762.500000             1.0
     763.550000             1.0
     764.600000             1.0
     765.800000             1.0
     775.000000             1.0
     776.050000             1.0
     777.100000             1.0
     787.350000             1.0
     788.400000             1.0
     789.450000             1.0
     790.500000             1.0
     799.950000             1.0
     801.000000             1.0
     802.050000             1.0
     803.100000             1.0
     812.500000             1.0
     813.550000             1.0
     814.600000             1.0
     815.800000             1.0
     825.000000             1.0
     826.050000             1.0
     827.100000             1.0
     837.350000             1.0
     838.400000             1.0
     839.450000             1.0
     840.500000             1.0
     849.950000             1.0
     851.000000             1.0
     852.050000             1.0
     853.100000             1.0
     862.500000             1.0
     863.550000             1.0
     864.600000             1.0
     865.800000             1.0
     875.000000             1.0
     876.050000             1.0
     877.100000             1.0
     887.350000             1.0
     888.400000             1.0
     889.450000             1.0
     890.500000             1.0
     899.950000             1.0
     901.000000             1.0
     902.050000             1.0
     903.100000             1.0
     912.500000             1.0
     913.550000             1.0
     914.600000             1.0
     915.800000             1.0
     925.000000             1.0
     926.050000             1.0
     927.100000             1.0
     937.350000             1.0
     938.400000             1.0
     939.450000             1.0
     940.500000             1.0
     949.950000             1.0
     951.000000             1.0
     952.050000             1.0
     953.100000             1.0
     962.400000             1.0
     963.450000             1.0
     964.500000             1.0
     965.550000             1.0
     975.000000             1.0
     976.050000             1.0
     977.100000             1.0
     987.350000             1.0
     988.400000             1.0
     989.450000             1.0
     990.500000             1.0
     999.950000             1.0
      26.100000             2.0
      27.150000             2.0
      28.200000             2.0
      29.250000             2.0
      30.300000             2.0
      31.350000             2.0
      32.400000             2.0
      39.100000             2.0
      40.150000             2.0
      41.200000             2.0
      51.750000             2.0
      52.800000             2.0
      53.850000             2.0
      64.450000             2.0
      65.550000             2.0
      76.900000             2.0
      78.000000             2.0
      89.450000             2.0
      90.550000             2.0
     101.950000             2.0
     103.100000             2.0
     114.500000             2.0
     115.650000             2.0
     127.000000             2.0
     128.150000             2.0
     139.500000             2.0
     140.650000             2.0
     152.000000             2.0
     153.150000             2.0
     164.500000             2.0
     165.650000             2.0
     177.000000             2.0
     178.150000             2.0
     189.500000             2.0
     190.650000             2.0
     202.000000             2.0
     203.150000             2.0
     214.500000             2.0
     215.650000             2.0
     227.000000             2.0
     228.150000             2.0
     239.500000             2.0
     240.650000             2.0
     252.000000             2.0
     253.150000             2.0
     264.500000             2.0
     265.700000             2.0
     277.000000             2.0
     278.250000             2.0
     289.500000             2.0
     290.750000             2.0
     302.050000             2.0
     303.300000             2.0
     314.550000             2.0
     315.800000             2.0
     327.050000             2.0
     328.300000             2.0
     339.550000             2.0
     340.800000             2.0
     352.050000             2.0
     353.300000             2.0
     364.550000             2.0
     365.800000             2.0
     377.050000             2.0
     378.300000             2.0
     389.550000             2.0
     390.800000             2.0
     402.050000             2.0
     403.300000             2.0
     414.550000             2.0
     415.800000             2.0
     427.050000             2.0
     428.300000             2.0
     439.550000             2.0
     440.800000             2.0
     452.050000             2.0
     453.300000             2.0
     464.550000             2.0
     465.800000             2.0
     477.050000             2.0
     478.300000             2.0
     489.550000             2.0
     490.800000             2.0
     502.050000             2.0
     503.300000             2.0
     514.550000             2.0
     515.800000             2.0
     527.050000             2.0
     528.300000             2.0
     539.550000             2.0
     540.800000             2.0
     552.050000             2.0
     553.300000             2.0
     564.550000             2.0
     565.800000             2.0
     577.050000             2.0
     578.300000             2.0
     589.550000             2.0
     590.800000             2.0
     602.050000             2.0
     603.300000             2.0
     614.550000             2.0
     615.800000             2.0
     627.050000             2.0
     628.300000             2.0
     639.550000             2.0
     640.800000             2.0
     652.050000             2.0
     653.300000             2.0
     664.550000             2.0
     665.800000             2.0
     677.050000             2.0
     678.300000             2.0
     689.550000             2.0
     690.800000             2.0
     702.050000             2.0
     703.300000             2.0
     714.550000             2.0
     715.800000             2.0
     727.050000             2.0
     728.300000             2.0
     739.550000             2.0
     740.800000             2.0
     752.050000             2.0
     753.300000             2.0
     764.550000             2.0
     765.800000             2.0
     777.050000             2.0
     778.300000             2.0
     789.550000             2.0
     790.800000             2.0
     802.050000             2.0
     803.300000             2.0
     814.550000             2.0
     815.800000             2.0
     827.050000             2.0
     828.300000             2.0
     839.550000             2.0
     840.800000             2.0
     852.050000             2.0
     853.300000             2.0
     864.550000             2.0
     865.800000             2.0
     877.050000             2.0
     878.300000             2.0
     889.550000             2.0
     890.800000             2.0
     902.050000             2.0
     903.300000             2.0
     914.550000             2.0
     915.800000             2.0
     919.950000             2.0
     927.150000             2.0
     928.900000             2.0
     939.700000             2.0
     941.100000             2.0
     952.100000             2.0
     953.400000             2.0
     964.550000             2.0
     965.800000             2.0
     977.050000             2.0
     978.300000             2.0
     989.550000             2.0
     990.800000             2.0
      26.450000             3.0
      27.500000             3.0
      28.550000             3.0
      29.600000             3.0
      30.650000             3.0
      31.700000             3.0
      39.200000             3.0
      40.250000             3.0
      41.300000             3.0
      51.950000             3.0
      53.000000             3.0
      54.300000             3.0
      64.750000             3.0
      66.050000             3.0
      77.250000             3.0
      78.550000             3.0
      89.850000             3.0
      91.250000             3.0
     102.400000             3.0
     103.900000             3.0
     114.950000             3.0
     116.450000             3.0
     127.450000             3.0
     129.050000             3.0
     140.000000             3.0
     141.500000             3.0
     152.450000             3.0
     154.050000             3.0
     164.950000             3.0
     166.550000             3.0
     177.500000             3.0
     179.000000             3.0
     189.950000             3.0
     191.550000             3.0
     202.450000             3.0
     204.050000             3.0
     215.000000             3.0
     216.500000             3.0
     227.450000             3.0
     229.050000             3.0
     239.950000             3.0
     241.550000             3.0
     252.500000             3.0
     254.000000             3.0
     264.950000             3.0
     266.550000             3.0
     277.500000             3.0
     279.100000             3.0
     290.000000             3.0
     291.650000             3.0
     302.500000             3.0
     304.150000             3.0
     315.000000             3.0
     316.650000             3.0
     327.500000             3.0
     329.150000             3.0
     340.000000             3.0
     341.650000             3.0
     352.500000             3.0
     354.150000             3.0
     365.000000             3.0
     366.650000             3.0
     377.500000             3.0
     379.150000             3.0
     390.000000             3.0
     391.650000             3.0
     402.500000             3.0
     404.150000             3.0
     415.000000             3.0
     416.650000             3.0
     427.500000             3.0
     429.150000             3.0
     440.000000             3.0
     441.650000             3.0
     452.500000             3.0
     454.150000             3.0
     465.000000             3.0
     466.650000             3.0
     477.500000             3.0
     479.150000             3.0
     490.000000             3.0
     491.650000             3.0
     502.500000             3.0
     504.150000             3.0
     515.000000             3.0
     516.650000             3.0
     527.500000             3.0
     529.150000             3.0
     540.000000             3.0
     541.650000             3.0
     552.500000             3.0
     554.150000             3.0
     565.000000             3.0
     566.650000             3.0
     577.500000             3.0
     579.150000             3.0
     590.000000             3.0
     591.650000             3.0
     602.500000             3.0
     604.150000             3.0
     615.000000             3.0
     616.650000             3.0
     627.500000             3.0
     629.150000             3.0
     640.000000             3.0
     641.650000             3.0
     652.500000             3.0
     654.150000             3.0
     665.000000             3.0
     666.650000             3.0
     677.500000             3.0
     679.150000             3.0
     690.000000             3.0
     691.650000             3.0
     702.500000             3.0
     704.150000             3.0
     715.000000             3.0
     716.650000             3.0
     727.500000             3.0
     729.150000             3.0
     740.000000             3.0
     741.650000             3.0
     752.500000             3.0
     754.150000             3.0
     765.000000             3.0
     766.650000             3.0
     777.500000             3.0
     779.150000             3.0
     790.000000             3.0
     791.650000             3.0
     802.500000             3.0
     804.150000             3.0
     815.000000             3.0
     816.650000             3.0
     827.500000             3.0
     829.150000             3.0
     840.000000             3.0
     841.650000             3.0
     852.500000             3.0
     854.150000             3.0
     865.000000             3.0
     866.650000             3.0
     877.500000             3.0
     879.150000             3.0
     890.000000             3.0
     891.650000             3.0
     902.500000             3.0
     904.150000             3.0
     915.000000             3.0
     916.650000             3.0
     927.500000             3.0
     929.150000             3.0
     940.000000             3.0
     941.650000             3.0
     952.500000             3.0
     954.150000             3.0
     965.000000             3.0
     966.350000             3.0
     977.300000             3.0
     978.900000             3.0
     990.000000             3.0
     991.600000             3.0
      26.500000             4.0
      27.550000             4.0
      28.600000             4.0
      29.650000             4.0
      30.700000             4.0
      31.750000             4.0
      39.250000             4.0
      40.300000             4.0
      41.350000             4.0
      52.050000             4.0
      53.100000             4.0
      64.650000             4.0
      65.850000             4.0
      77.300000             4.0
      78.700000             4.0
      89.950000             4.0
      91.450000             4.0
     102.550000             4.0
     104.250000             4.0
     115.100000             4.0
     116.900000             4.0
     127.650000             4.0
     129.450000             4.0
     140.200000             4.0
     142.250000             4.0
     152.700000             4.0
     164.800000             4.0
     166.150000             4.0
     177.500000             4.0
     179.000000             4.0
     190.100000             4.0
     191.800000             4.0
     202.650000             4.0
     204.350000             4.0
     215.150000             4.0
     216.900000             4.0
     227.650000             4.0
     229.400000             4.0
     240.150000             4.0
     241.900000             4.0
     252.650000             4.0
     254.400000             4.0
     265.150000             4.0
     267.050000             4.0
     277.700000             4.0
     289.800000             4.0
     291.250000             4.0
     302.550000             4.0
     304.200000             4.0
     315.150000             4.0
     317.000000             4.0
     327.700000             4.0
     329.800000             4.0
     340.200000             4.0
     352.350000             4.0
     353.800000             4.0
     365.050000             4.0
     366.700000             4.0
     377.650000             4.0
     379.500000             4.0
     390.200000             4.0
     392.350000             4.0
     402.700000             4.0
     414.850000             4.0
     416.300000             4.0
     427.550000             4.0
     429.200000             4.0
     440.150000             4.0
     442.000000             4.0
     452.700000             4.0
     454.850000             4.0
     465.200000             4.0
     477.350000             4.0
     478.800000             4.0
     490.050000             4.0
     491.700000             4.0
     502.650000             4.0
     504.500000             4.0
     515.200000             4.0
     517.350000             4.0
     527.700000             4.0
     539.850000             4.0
     541.300000             4.0
     552.550000             4.0
     554.200000             4.0
     565.150000             4.0
     567.000000             4.0
     577.700000             4.0
     579.850000             4.0
     590.200000             4.0
     602.350000             4.0
     603.800000             4.0
     615.050000             4.0
     616.700000             4.0
     627.650000             4.0
     629.500000             4.0
     640.200000             4.0
     642.350000             4.0
     652.700000             4.0
     664.850000             4.0
     666.300000             4.0
     677.550000             4.0
     679.200000             4.0
     690.150000             4.0
     692.000000             4.0
     702.700000             4.0
     704.850000             4.0
     715.200000             4.0
     727.350000             4.0
     728.800000             4.0
     740.050000             4.0
     741.700000             4.0
     752.650000             4.0
     754.500000             4.0
     765.200000             4.0
     767.350000             4.0
     777.700000             4.0
     789.850000             4.0
     791.300000             4.0
     802.550000             4.0
     804.200000             4.0
     815.150000             4.0
     817.000000             4.0
     827.700000             4.0
     829.850000             4.0
     840.200000             4.0
     852.350000             4.0
     853.800000             4.0
     865.050000             4.0
     866.700000             4.0
     877.650000             4.0
     879.500000             4.0
     890.200000             4.0
     892.350000             4.0
     902.700000             4.0
     908.150000             4.0
     914.750000             4.0
     916.900000             4.0
     927.750000             4.0
     939.850000             4.0
     941.300000             4.0
     952.550000             4.0
     954.200000             4.0
     965.150000             4.0
     967.000000             4.0
     977.700000             4.0
     979.850000             4.0
     990.200000             4.0
      26.550000             5.0
      27.600000             5.0
      28.650000             5.0
      29.700000             5.0
      30.750000             5.0
      31.800000             5.0
      39.350000             5.0
      40.400000             5.0
      41.450000             5.0
      52.100000             5.0
      53.250000             5.0
      64.750000             5.0
      66.000000             5.0
      77.400000             5.0
      78.900000             5.0
      90.050000             5.0
      91.800000             5.0
     102.700000             5.0
     104.650000             5.0
     115.250000             5.0
     127.400000             5.0
     128.900000             5.0
     140.150000             5.0
     141.800000             5.0
     152.750000             5.0
     154.700000             5.0
     165.300000             5.0
     177.400000             5.0
     178.850000             5.0
     190.150000             5.0
     191.800000             5.0
     202.700000             5.0
     204.950000             5.0
     215.300000             5.0
     227.400000             5.0
     228.850000             5.0
     240.150000             5.0
     241.800000             5.0
     252.700000             5.0
     264.900000             5.0
     266.400000             5.0
     277.650000             5.0
     279.450000             5.0
     290.250000             5.0
     302.400000             5.0
     303.950000             5.0
     315.150000             5.0
     317.000000             5.0
     327.750000             5.0
     339.900000             5.0
     341.450000             5.0
     352.650000             5.0
     354.500000             5.0
     365.250000             5.0
     377.400000             5.0
     378.950000             5.0
     390.150000             5.0
     392.000000             5.0
     402.750000             5.0
     414.900000             5.0
     416.450000             5.0
     427.650000             5.0
     429.500000             5.0
     440.250000             5.0
     452.400000             5.0
     453.950000             5.0
     465.150000             5.0
     467.000000             5.0
     477.750000             5.0
     489.900000             5.0
     491.450000             5.0
     502.650000             5.0
     504.500000             5.0
     515.250000             5.0
     527.400000             5.0
     528.950000             5.0
     540.150000             5.0
     542.000000             5.0
     552.750000             5.0
     564.900000             5.0
     566.450000             5.0
     577.650000             5.0
     579.500000             5.0
     590.250000             5.0
     602.400000             5.0
     603.950000             5.0
     615.150000             5.0
     617.000000             5.0
     627.750000             5.0
     639.900000             5.0
     641.450000             5.0
     652.650000             5.0
     654.500000             5.0
     665.250000             5.0
     677.400000             5.0
     678.950000             5.0
     690.150000             5.0
     692.000000             5.0
     702.750000             5.0
     714.900000             5.0
     716.450000             5.0
     727.650000             5.0
     729.500000             5.0
     740.250000             5.0
     752.400000             5.0
     753.950000             5.0
     765.150000             5.0
     767.000000             5.0
     777.750000             5.0
     789.900000             5.0
     791.450000             5.0
     802.650000             5.0
     804.500000             5.0
     815.250000             5.0
     827.400000             5.0
     828.950000             5.0
     840.150000             5.0
     842.000000             5.0
     852.750000             5.0
     864.900000             5.0
     866.450000             5.0
     877.650000             5.0
     879.500000             5.0
     890.250000             5.0
     902.400000             5.0
     903.950000             5.0
     915.150000             5.0
     917.000000             5.0
     927.750000             5.0
     939.900000             5.0
     941.450000             5.0
     952.650000             5.0
     954.500000             5.0
     965.250000             5.0
     977.400000             5.0
     978.950000             5.0
     990.150000             5.0
     991.850000             5.0
      26.550000             6.0
      27.600000             6.0
      28.650000             6.0
      29.700000             6.0
      30.750000             6.0
      31.800000             6.0
      39.350000             6.0
      40.400000             6.0
      41.450000             6.0
      52.200000             6.0
      53.400000             6.0
      64.800000             6.0
      66.100000             6.0
      77.500000             6.0
      79.000000             6.0
      90.150000             6.0
      91.950000             6.0
     102.750000             6.0
     114.900000             6.0
     116.450000             6.0
     127.700000             6.0
     129.700000             6.0
     140.350000             6.0
     152.450000             6.0
     154.050000             6.0
     165.200000             6.0
     167.250000             6.0
     177.850000             6.0
     189.950000             6.0
     191.550000             6.0
     202.700000             6.0
     204.800000             6.0
     215.350000             6.0
     227.450000             6.0
     229.050000             6.0
     240.200000             6.0
     242.300000             6.0
     252.850000             6.0
     264.950000             6.0
     266.550000             6.0
     277.750000             6.0
     289.900000             6.0
     291.500000             6.0
     302.700000             6.0
     304.800000             6.0
     315.350000             6.0
     327.500000             6.0
     329.100000             6.0
     340.250000             6.0
     352.400000             6.0
     354.000000             6.0
     365.200000             6.0
     367.300000             6.0
     377.850000             6.0
     390.000000             6.0
     391.600000             6.0
     402.750000             6.0
     414.900000             6.0
     416.500000             6.0
     427.700000             6.0
     429.800000             6.0
     440.350000             6.0
     452.500000             6.0
     454.100000             6.0
     465.250000             6.0
     477.400000             6.0
     479.000000             6.0
     490.200000             6.0
     492.300000             6.0
     502.850000             6.0
     515.000000             6.0
     516.600000             6.0
     527.750000             6.0
     539.900000             6.0
     541.500000             6.0
     552.700000             6.0
     554.800000             6.0
     565.350000             6.0
     577.500000             6.0
     579.100000             6.0
     590.250000             6.0
     602.400000             6.0
     604.000000             6.0
     615.200000             6.0
     617.300000             6.0
     627.850000             6.0
     640.000000             6.0
     641.600000             6.0
     652.750000             6.0
     664.900000             6.0
     666.500000             6.0
     677.700000             6.0
     679.800000             6.0
     690.350000             6.0
     702.500000             6.0
     704.100000             6.0
     715.250000             6.0
     727.400000             6.0
     729.000000             6.0
     740.200000             6.0
     742.300000             6.0
     752.850000             6.0
     765.000000             6.0
     766.600000             6.0
     777.750000             6.0
     789.900000             6.0
     791.500000             6.0
     802.700000             6.0
     804.800000             6.0
     815.350000             6.0
     827.500000             6.0
     829.100000             6.0
     840.250000             6.0
     852.400000             6.0
     854.000000             6.0
     865.200000             6.0
     867.300000             6.0
     877.850000             6.0
     890.000000             6.0
     891.600000             6.0
     902.750000             6.0
     914.900000             6.0
     916.500000             6.0
     927.700000             6.0
     929.800000             6.0
     940.350000             6.0
     952.500000             6.0
     954.100000             6.0
     965.250000             6.0
     977.400000             6.0
     979.000000             6.0
     990.200000             6.0
     991.550000             6.0
      26.600000             7.0
      27.650000             7.0
      28.700000             7.0
      29.750000             7.0
      30.800000             7.0
      31.850000             7.0
      39.400000             7.0
      40.450000             7.0
      41.550000             7.0
      52.250000             7.0
      53.550000             7.0
      64.850000             7.0
      66.300000             7.0
      77.550000             7.0
      79.250000             7.0
      90.250000             7.0
     102.400000             7.0
     104.000000             7.0
     115.250000             7.0
     117.150000             7.0
     127.900000             7.0
     140.000000             7.0
     141.550000             7.0
     152.800000             7.0
     164.950000             7.0
     166.600000             7.0
     177.800000             7.0
     189.950000             7.0
     191.600000             7.0
     202.800000             7.0
     214.950000             7.0
     216.600000             7.0
     227.800000             7.0
     239.950000             7.0
     241.600000             7.0
     252.800000             7.0
     264.950000             7.0
     266.600000             7.0
     277.800000             7.0
     289.950000             7.0
     291.600000             7.0
     302.800000             7.0
     314.950000             7.0
     316.600000             7.0
     327.800000             7.0
     339.950000             7.0
     341.600000             7.0
     352.800000             7.0
     364.950000             7.0
     366.600000             7.0
     377.800000             7.0
     389.950000             7.0
     391.600000             7.0
     402.800000             7.0
     414.950000             7.0
     416.600000             7.0
     427.800000             7.0
     439.950000             7.0
     441.600000             7.0
     452.800000             7.0
     464.950000             7.0
     466.600000             7.0
     477.800000             7.0
     489.950000             7.0
     491.600000             7.0
     502.800000             7.0
     514.950000             7.0
     516.600000             7.0
     527.800000             7.0
     539.950000             7.0
     541.600000             7.0
     552.800000             7.0
     564.950000             7.0
     566.600000             7.0
     577.800000             7.0
     589.950000             7.0
     591.600000             7.0
     602.800000             7.0
     614.950000             7.0
     616.600000             7.0
     627.800000             7.0
     639.950000             7.0
     641.600000             7.0
     652.800000             7.0
     664.950000             7.0
     666.600000             7.0
     677.800000             7.0
     689.950000             7.0
     691.600000             7.0
     702.800000             7.0
     714.950000             7.0
     716.600000             7.0
     727.800000             7.0
     739.950000             7.0
     741.600000             7.0
     752.800000             7.0
     764.950000             7.0
     766.600000             7.0
     777.800000             7.0
     789.950000             7.0
     791.600000             7.0
     802.800000             7.0
     814.950000             7.0
     816.600000             7.0
     827.800000             7.0
     839.950000             7.0
     841.600000             7.0
     852.800000             7.0
     864.950000             7.0
     866.600000             7.0
     877.800000             7.0
     889.950000             7.0
     891.600000             7.0
     902.800000             7.0
     914.950000             7.0
     916.600000             7.0
     924.350000             7.0
     927.450000             7.0
     940.200000             7.0
     952.450000             7.0
     954.100000             7.0
     965.300000             7.0
     977.450000             7.0
     979.100000             7.0
     990.300000             7.0
      26.600000             8.0
      27.650000             8.0
      28.700000             8.0
      29.750000             8.0
      30.800000             8.0
      31.950000             8.0
      39.450000             8.0
      40.500000             8.0
      41.700000             8.0
      52.300000             8.0
      53.700000             8.0
      64.950000             8.0
      66.500000             8.0
      77.650000             8.0
      79.600000             8.0
      90.350000             8.0
     102.550000             8.0
     104.250000             8.0
     115.350000             8.0
     127.550000             8.0
     129.250000             8.0
     140.350000             8.0
     152.500000             8.0
     154.100000             8.0
     165.350000             8.0
     177.550000             8.0
     179.200000             8.0
     190.350000             8.0
     202.550000             8.0
     204.200000             8.0
     215.350000             8.0
     227.550000             8.0
     229.200000             8.0
     240.350000             8.0
     252.550000             8.0
     254.200000             8.0
     265.350000             8.0
     277.550000             8.0
     279.300000             8.0
     290.400000             8.0
     302.550000             8.0
     304.300000             8.0
     315.400000             8.0
     327.550000             8.0
     329.300000             8.0
     340.400000             8.0
     352.550000             8.0
     354.300000             8.0
     365.400000             8.0
     377.550000             8.0
     379.300000             8.0
     390.400000             8.0
     402.550000             8.0
     404.300000             8.0
     415.400000             8.0
     427.550000             8.0
     429.300000             8.0
     440.400000             8.0
     452.550000             8.0
     454.300000             8.0
     465.400000             8.0
     477.550000             8.0
     479.300000             8.0
     490.400000             8.0
     502.550000             8.0
     504.300000             8.0
     515.400000             8.0
     527.550000             8.0
     529.300000             8.0
     540.400000             8.0
     552.550000             8.0
     554.300000             8.0
     565.400000             8.0
     577.550000             8.0
     579.300000             8.0
     590.400000             8.0
     602.550000             8.0
     604.300000             8.0
     615.400000             8.0
     627.550000             8.0
     629.300000             8.0
     640.400000             8.0
     652.550000             8.0
     654.300000             8.0
     665.400000             8.0
     677.550000             8.0
     679.300000             8.0
     690.400000             8.0
     702.550000             8.0
     704.300000             8.0
     715.400000             8.0
     727.550000             8.0
     729.300000             8.0
     740.400000             8.0
     752.550000             8.0
     754.300000             8.0
     765.400000             8.0
     777.550000             8.0
     779.300000             8.0
     790.400000             8.0
     802.550000             8.0
     804.300000             8.0
     815.400000             8.0
     827.550000             8.0
     829.300000             8.0
     840.400000             8.0
     852.550000             8.0
     854.300000             8.0
     865.400000             8.0
     877.550000             8.0
     879.300000             8.0
     890.400000             8.0
     902.550000             8.0
     904.300000             8.0
     908.950000             8.0
     915.650000             8.0
     927.800000             8.0
     940.000000             8.0
     941.750000             8.0
     952.900000             8.0
     965.050000             8.0
     966.800000             8.0
     977.900000             8.0
     990.050000             8.0
     991.800000             8.0
      26.600000             9.0
      27.650000             9.0
      28.700000             9.0
      29.750000             9.0
      30.800000             9.0
      39.300000             9.0
      40.350000             9.0
      41.400000             9.0
      52.250000             9.0
      53.550000             9.0
      64.950000             9.0
      66.500000             9.0
      77.700000             9.0
      89.950000             9.0
      91.600000             9.0
     102.850000             9.0
     115.100000             9.0
     116.900000             9.0
     127.950000             9.0
     140.150000             9.0
     141.900000             9.0
     152.950000             9.0
     165.100000             9.0
     167.000000             9.0
     178.000000             9.0
     190.100000             9.0
     192.000000             9.0
     202.950000             9.0
     215.150000             9.0
     216.900000             9.0
     227.950000             9.0
     240.100000             9.0
     242.000000             9.0
     253.000000             9.0
     265.100000             9.0
     267.000000             9.0
     278.000000             9.0
     290.150000             9.0
     292.100000             9.0
     303.000000             9.0
     315.150000             9.0
     317.100000             9.0
     328.000000             9.0
     340.150000             9.0
     342.100000             9.0
     353.000000             9.0
     365.150000             9.0
     367.100000             9.0
     378.000000             9.0
     390.150000             9.0
     392.100000             9.0
     403.000000             9.0
     415.150000             9.0
     417.100000             9.0
     428.000000             9.0
     440.150000             9.0
     442.100000             9.0
     453.000000             9.0
     465.150000             9.0
     467.100000             9.0
     478.000000             9.0
     490.150000             9.0
     492.100000             9.0
     503.000000             9.0
     515.150000             9.0
     517.100000             9.0
     528.000000             9.0
     540.150000             9.0
     542.100000             9.0
     553.000000             9.0
     565.150000             9.0
     567.100000             9.0
     578.000000             9.0
     590.150000             9.0
     592.100000             9.0
     603.000000             9.0
     615.150000             9.0
     617.100000             9.0
     628.000000             9.0
     640.150000             9.0
     642.100000             9.0
     653.000000             9.0
     665.150000             9.0
     667.100000             9.0
     678.000000             9.0
     690.150000             9.0
     692.100000             9.0
     703.000000             9.0
     715.150000             9.0
     717.100000             9.0
     728.000000             9.0
     740.150000             9.0
     742.100000             9.0
     753.000000             9.0
     765.150000             9.0
     767.100000             9.0
     778.000000             9.0
     790.150000             9.0
     792.100000             9.0
     803.000000             9.0
     815.150000             9.0
     817.100000             9.0
     828.000000             9.0
     840.150000             9.0
     842.100000             9.0
     853.000000             9.0
     865.150000             9.0
     867.100000             9.0
     878.000000             9.0
     890.150000             9.0
     892.100000             9.0
     903.000000             9.0
     915.150000             9.0
     917.100000             9.0
     928.000000             9.0
     940.150000             9.0
     942.100000             9.0
     949.200000             9.0
     952.850000             9.0
     965.400000             9.0
     977.650000             9.0
     979.550000             9.0
     990.500000             9.0
      26.600000            10.0
      27.650000            10.0
      28.700000            10.0
      29.750000            10.0
      30.800000            10.0
      39.350000            10.0
      40.400000            10.0
      41.450000            10.0
      52.300000            10.0
      53.700000            10.0
      65.050000            10.0
      66.700000            10.0
      77.800000            10.0
      90.100000            10.0
      91.950000            10.0
     103.000000            10.0
     115.150000            10.0
     117.250000            10.0
     128.100000            10.0
     140.200000            10.0
     142.700000            10.0
     153.150000            10.0
     165.250000            10.0
     167.400000            10.0
     178.100000            10.0
     190.250000            10.0
     192.400000            10.0
     203.100000            10.0
     215.250000            10.0
     217.400000            10.0
     228.100000            10.0
     240.250000            10.0
     242.400000            10.0
     253.100000            10.0
     265.250000            10.0
     277.550000            10.0
     279.450000            10.0
     290.600000            10.0
     302.750000            10.0
     315.050000            10.0
     316.950000            10.0
     328.100000            10.0
     340.250000            10.0
     352.550000            10.0
     354.450000            10.0
     365.600000            10.0
     377.750000            10.0
     390.050000            10.0
     391.950000            10.0
     403.100000            10.0
     415.250000            10.0
     427.550000            10.0
     429.450000            10.0
     440.600000            10.0
     452.750000            10.0
     465.050000            10.0
     466.950000            10.0
     478.100000            10.0
     490.250000            10.0
     502.550000            10.0
     504.450000            10.0
     515.600000            10.0
     527.750000            10.0
     540.050000            10.0
     541.950000            10.0
     553.100000            10.0
     565.250000            10.0
     577.550000            10.0
     579.450000            10.0
     590.600000            10.0
     602.750000            10.0
     615.050000            10.0
     616.950000            10.0
     628.100000            10.0
     640.250000            10.0
     652.550000            10.0
     654.450000            10.0
     665.600000            10.0
     677.750000            10.0
     690.050000            10.0
     691.950000            10.0
     703.100000            10.0
     715.250000            10.0
     727.550000            10.0
     729.450000            10.0
     740.600000            10.0
     752.750000            10.0
     765.050000            10.0
     766.950000            10.0
     778.100000            10.0
     790.250000            10.0
     802.550000            10.0
     804.450000            10.0
     815.600000            10.0
     827.750000            10.0
     840.050000            10.0
     841.950000            10.0
     853.100000            10.0
     865.250000            10.0
     877.550000            10.0
     879.450000            10.0
     890.600000            10.0
     902.750000            10.0
     915.050000            10.0
     916.950000            10.0
     928.100000            10.0
     940.250000            10.0
     952.550000            10.0
     954.450000            10.0
     965.600000            10.0
     976.800000            10.0
     977.950000            10.0
     990.350000            10.0
      26.600000            11.0
      27.650000            11.0
      28.700000            11.0
      29.750000            11.0
      30.800000            11.0
      39.400000            11.0
      40.450000            11.0
      41.650000            11.0
      52.400000            11.0
      54.000000            11.0
      65.150000            11.0
      77.550000            11.0
      79.350000            11.0
      90.550000            11.0
     102.750000            11.0
     115.100000            11.0
     117.250000            11.0
     128.200000            11.0
     140.350000            11.0
     152.650000            11.0
     154.700000            11.0
     165.750000            11.0
     177.850000            11.0
     190.200000            11.0
     202.600000            11.0
     204.800000            11.0
     215.700000            11.0
     227.850000            11.0
     240.200000            11.0
     252.600000            11.0
     254.800000            11.0
     265.700000            11.0
     277.850000            11.0
     290.200000            11.0
     302.600000            11.0
     304.800000            11.0
     315.750000            11.0
     327.900000            11.0
     340.200000            11.0
     352.600000            11.0
     354.800000            11.0
     365.750000            11.0
     377.900000            11.0
     390.200000            11.0
     402.600000            11.0
     404.800000            11.0
     415.750000            11.0
     427.900000            11.0
     440.200000            11.0
     452.600000            11.0
     454.800000            11.0
     465.750000            11.0
     477.900000            11.0
     490.200000            11.0
     502.600000            11.0
     504.800000            11.0
     515.750000            11.0
     527.900000            11.0
     540.200000            11.0
     552.600000            11.0
     554.800000            11.0
     565.750000            11.0
     577.900000            11.0
     590.200000            11.0
     602.600000            11.0
     604.800000            11.0
     615.750000            11.0
     627.900000            11.0
     640.200000            11.0
     652.600000            11.0
     654.800000            11.0
     665.750000            11.0
     677.900000            11.0
     690.200000            11.0
     702.600000            11.0
     704.800000            11.0
     715.750000            11.0
     727.900000            11.0
     740.200000            11.0
     752.600000            11.0
     754.800000            11.0
     765.750000            11.0
     777.900000            11.0
     790.200000            11.0
     802.600000            11.0
     804.800000            11.0
     815.750000            11.0
     827.900000            11.0
     840.200000            11.0
     852.600000            11.0
     854.800000            11.0
     865.750000            11.0
     877.900000            11.0
     890.200000            11.0
     902.600000            11.0
     904.800000            11.0
     915.750000            11.0
     927.900000            11.0
     940.200000            11.0
     952.600000            11.0
     954.800000            11.0
     965.750000            11.0
     967.900000            11.0
     978.000000            11.0
     990.450000            11.0
      26.650000            12.0
      27.700000            12.0
      28.750000            12.0
      29.800000            12.0
      30.850000            12.0
      39.500000            12.0
      40.550000            12.0
      52.250000            12.0
      53.650000            12.0
      65.150000            12.0
      77.600000            12.0
      79.600000            12.0
      90.700000            12.0
     102.950000            12.0
     115.300000            12.0
     127.750000            12.0
     140.200000            12.0
     152.700000            12.0
     165.200000            12.0
     177.750000            12.0
     190.200000            12.0
     202.700000            12.0
     215.200000            12.0
     227.750000            12.0
     240.200000            12.0
     252.700000            12.0
     265.200000            12.0
     277.750000            12.0
     290.250000            12.0
     302.750000            12.0
     315.250000            12.0
     327.750000            12.0
     340.250000            12.0
     352.750000            12.0
     365.250000            12.0
     377.750000            12.0
     390.250000            12.0
     402.750000            12.0
     415.250000            12.0
     427.750000            12.0
     440.250000            12.0
     452.750000            12.0
     465.250000            12.0
     477.750000            12.0
     490.250000            12.0
     502.750000            12.0
     515.250000            12.0
     527.750000            12.0
     540.250000            12.0
     552.750000            12.0
     565.250000            12.0
     577.750000            12.0
     590.250000            12.0
     602.750000            12.0
     615.250000            12.0
     627.750000            12.0
     640.250000            12.0
     652.750000            12.0
     665.250000            12.0
     677.750000            12.0
     690.250000            12.0
     702.750000            12.0
     715.250000            12.0
     727.750000            12.0
     740.250000            12.0
     752.750000            12.0
     765.250000            12.0
     777.750000            12.0
     790.250000            12.0
     802.750000            12.0
     815.250000            12.0
     827.750000            12.0
     840.250000            12.0
     852.750000            12.0
     865.250000            12.0
     877.750000            12.0
     890.250000            12.0
     902.750000            12.0
     915.250000            12.0
     927.750000            12.0
     937.900000            12.0
     939.450000            12.0
     953.050000            12.0
     965.450000            12.0
     977.850000            12.0
     990.300000            12.0
      26.650000            13.0
      27.700000            13.0
      28.750000            13.0
      29.800000            13.0
      30.850000            13.0
      39.550000            13.0
      40.700000            13.0
      52.400000            13.0
      54.000000            13.0
      65.400000            13.0
      77.800000            13.0
      90.300000            13.0
     102.850000            13.0
     115.400000            13.0
     127.950000            13.0
     140.450000            13.0
     153.000000            13.0
     165.450000            13.0
     177.950000            13.0
     190.500000            13.0
     202.950000            13.0
     215.450000            13.0
     228.000000            13.0
     240.450000            13.0
     252.950000            13.0
     265.500000            13.0
     278.000000            13.0
     290.500000            13.0
     303.000000            13.0
     315.500000            13.0
     328.000000            13.0
     340.500000            13.0
     353.000000            13.0
     365.500000            13.0
     378.000000            13.0
     390.500000            13.0
     403.000000            13.0
     415.500000            13.0
     428.000000            13.0
     440.500000            13.0
     453.000000            13.0
     465.500000            13.0
     478.000000            13.0
     490.500000            13.0
     503.000000            13.0
     515.500000            13.0
     528.000000            13.0
     540.500000            13.0
     553.000000            13.0
     565.500000            13.0
     578.000000            13.0
     590.500000            13.0
     603.000000            13.0
     615.500000            13.0
     628.000000            13.0
     640.500000            13.0
     653.000000            13.0
     665.500000            13.0
     678.000000            13.0
     690.500000            13.0
     703.000000            13.0
     715.500000            13.0
     728.000000            13.0
     740.500000            13.0
     753.000000            13.0
     765.500000            13.0
     778.000000            13.0
     790.500000            13.0
     803.000000            13.0
     815.500000            13.0
     828.000000            13.0
     840.500000            13.0
     853.000000            13.0
     865.500000            13.0
     878.000000            13.0
     890.500000            13.0
     903.000000            13.0
     915.500000            13.0
     926.800000            13.0
     928.000000            13.0
     940.850000            13.0
     953.250000            13.0
     965.600000            13.0
     978.050000            13.0
     990.500000            13.0
      26.650000            14.0
      27.700000            14.0
      28.750000            14.0
      29.800000            14.0
      31.050000            14.0
      39.700000            14.0
      41.100000            14.0
      52.600000            14.0
      65.150000            14.0
      77.800000            14.0
      90.450000            14.0
     103.100000            14.0
     115.700000            14.0
     128.250000            14.0
     140.750000            14.0
     153.250000            14.0
     165.750000            14.0
     178.250000            14.0
     190.750000            14.0
     203.250000            14.0
     215.750000            14.0
     228.250000            14.0
     240.750000            14.0
     253.250000            14.0
     265.750000            14.0
     278.300000            14.0
     290.850000            14.0
     303.350000            14.0
     315.850000            14.0
     328.350000            14.0
     340.850000            14.0
     353.350000            14.0
     365.850000            14.0
     378.350000            14.0
     390.850000            14.0
     403.350000            14.0
     415.850000            14.0
     428.350000            14.0
     440.850000            14.0
     453.350000            14.0
     465.850000            14.0
     478.350000            14.0
     490.850000            14.0
     503.350000            14.0
     515.850000            14.0
     528.350000            14.0
     540.850000            14.0
     553.350000            14.0
     565.850000            14.0
     578.350000            14.0
     590.850000            14.0
     603.350000            14.0
     615.850000            14.0
     628.350000            14.0
     640.850000            14.0
     653.350000            14.0
     665.850000            14.0
     678.350000            14.0
     690.850000            14.0
     703.350000            14.0
     715.850000            14.0
     728.350000            14.0
     740.850000            14.0
     753.350000            14.0
     765.850000            14.0
     778.350000            14.0
     790.850000            14.0
     803.350000            14.0
     815.850000            14.0
     828.350000            14.0
     840.850000            14.0
     853.350000            14.0
     865.850000            14.0
     878.350000            14.0
     890.850000            14.0
     903.350000            14.0
     915.850000            14.0
     928.350000            14.0
     940.850000            14.0
     953.350000            14.0
     965.850000            14.0
     978.350000            14.0
     985.250000            14.0
     989.550000            14.0
      26.700000            15.0
      27.750000            15.0
      28.800000            15.0
      29.850000            15.0
      39.600000            15.0
      40.850000            15.0
      52.650000            15.0
      65.300000            15.0
      78.000000            15.0
      90.750000            15.0
     103.450000            15.0
     116.100000            15.0
     128.750000            15.0
     141.250000            15.0
     153.750000            15.0
     166.250000            15.0
     178.750000            15.0
     191.250000            15.0
     203.750000            15.0
     216.250000            15.0
     228.750000            15.0
     241.250000            15.0
     253.750000            15.0
     266.250000            15.0
     278.800000            15.0
     291.350000            15.0
     303.850000            15.0
     316.350000            15.0
     328.850000            15.0
     341.350000            15.0
     353.850000            15.0
     366.350000            15.0
     378.850000            15.0
     391.350000            15.0
     403.850000            15.0
     416.350000            15.0
     428.850000            15.0
     441.350000            15.0
     453.850000            15.0
     466.350000            15.0
     478.850000            15.0
     491.350000            15.0
     503.850000            15.0
     516.350000            15.0
     528.850000            15.0
     541.350000            15.0
     553.850000            15.0
     566.350000            15.0
     578.850000            15.0
     591.350000            15.0
     603.850000            15.0
     616.350000            15.0
     628.850000            15.0
     641.350000            15.0
     653.850000            15.0
     666.350000            15.0
     678.850000            15.0
     691.350000            15.0
     703.850000            15.0
     716.350000            15.0
     728.850000            15.0
     741.350000            15.0
     753.850000            15.0
     766.350000            15.0
     778.850000            15.0
     791.350000            15.0
     803.850000            15.0
     816.350000            15.0
     828.850000            15.0
     841.350000            15.0
     853.850000            15.0
     866.350000            15.0
     878.850000            15.0
     891.350000            15.0
     903.850000            15.0
     916.250000            15.0
     917.600000            15.0
     929.300000            15.0
     941.800000            15.0
     954.050000            15.0
     966.450000            15.0
     978.900000            15.0
     991.400000            15.0
      26.750000            16.0
      27.800000            16.0
      28.850000            16.0
      29.900000            16.0
      39.800000            16.0
      41.350000            16.0
      53.000000            16.0
      65.700000            16.0
      78.550000            16.0
      91.400000            16.0
     104.200000            16.0
     116.850000            16.0
     129.500000            16.0
     142.000000            16.0
     154.500000            16.0
     167.000000            16.0
     179.500000            16.0
     192.000000            16.0
     204.500000            16.0
     217.000000            16.0
     229.500000            16.0
     242.000000            16.0
     254.500000            16.0
     267.000000            16.0
     279.600000            16.0
     292.150000            16.0
     304.650000            16.0
     317.200000            16.0
     329.700000            16.0
     342.200000            16.0
     354.700000            16.0
     367.200000            16.0
     379.700000            16.0
     392.200000            16.0
     404.700000            16.0
     417.200000            16.0
     429.700000            16.0
     442.200000            16.0
     454.700000            16.0
     467.200000            16.0
     479.700000            16.0
     492.200000            16.0
     504.700000            16.0
     517.200000            16.0
     529.700000            16.0
     542.200000            16.0
     554.700000            16.0
     567.200000            16.0
     579.700000            16.0
     592.200000            16.0
     604.700000            16.0
     617.200000            16.0
     629.700000            16.0
     642.200000            16.0
     654.700000            16.0
     667.200000            16.0
     679.700000            16.0
     692.200000            16.0
     704.700000            16.0
     717.200000            16.0
     729.700000            16.0
     742.200000            16.0
     754.700000            16.0
     767.200000            16.0
     779.700000            16.0
     792.200000            16.0
     804.700000            16.0
     817.200000            16.0
     829.700000            16.0
     842.200000            16.0
     854.700000            16.0
     867.200000            16.0
     879.700000            16.0
     892.200000            16.0
     904.700000            16.0
     917.200000            16.0
     929.700000            16.0
     932.900000            16.0
     953.700000            16.0
     966.750000            16.0
     979.450000            16.0
     992.050000            16.0
      26.800000            17.0
      27.850000            17.0
      28.900000            17.0
      29.950000            17.0
      40.050000            17.0
      52.850000            17.0
      65.850000            17.0
      79.000000            17.0
      92.100000            17.0
     116.000000            17.0
     129.650000            17.0
     153.550000            17.0
     167.200000            17.0
     191.100000            17.0
     204.850000            17.0
     228.600000            17.0
     242.400000            17.0
     266.100000            17.0
     279.850000            17.0
     303.600000            17.0
     317.400000            17.0
     341.150000            17.0
     354.900000            17.0
     378.650000            17.0
     392.400000            17.0
     416.150000            17.0
     429.900000            17.0
     453.650000            17.0
     467.400000            17.0
     491.150000            17.0
     504.900000            17.0
     528.650000            17.0
     542.400000            17.0
     566.150000            17.0
     579.900000            17.0
     603.650000            17.0
     617.400000            17.0
     641.150000            17.0
     654.900000            17.0
     678.650000            17.0
     692.400000            17.0
     716.150000            17.0
     729.900000            17.0
     753.650000            17.0
     767.400000            17.0
     791.150000            17.0
     804.900000            17.0
     828.650000            17.0
     842.400000            17.0
     866.150000            17.0
     879.900000            17.0
     903.650000            17.0
     917.400000            17.0
     941.150000            17.0
     954.900000            17.0
     978.650000            17.0
     991.650000            17.0
     993.050000            17.0
      26.850000            18.0
      27.900000            18.0
      28.950000            18.0
      39.900000            18.0
      42.000000            18.0
      53.900000            18.0
      66.950000            18.0
      91.450000            18.0
     116.650000            18.0
     141.850000            18.0
     166.850000            18.0
     191.900000            18.0
     216.850000            18.0
     241.900000            18.0
     266.850000            18.0
     291.900000            18.0
     316.900000            18.0
     341.900000            18.0
     366.900000            18.0
     391.900000            18.0
     416.900000            18.0
     441.900000            18.0
     466.900000            18.0
     491.900000            18.0
     516.900000            18.0
     541.900000            18.0
     566.900000            18.0
     591.900000            18.0
     616.900000            18.0
     641.900000            18.0
     666.900000            18.0
     691.900000            18.0
     716.900000            18.0
     741.900000            18.0
     766.900000            18.0
     791.900000            18.0
     816.900000            18.0
     841.900000            18.0
     866.900000            18.0
     891.900000            18.0
     916.900000            18.0
     941.900000            18.0
     954.450000            18.0
     955.950000            18.0
     991.750000            18.0
      26.950000            19.0
      28.000000            19.0
      29.050000            19.0
      40.350000            19.0
      53.650000            19.0
      68.050000            19.0
     105.150000            19.0
     994.100000            19.0
     995.500000            19.0
      27.050000            20.0
      28.100000            20.0
      29.350000            20.0
      41.050000            20.0
      55.100000            20.0
     941.550000            20.0
     942.850000            20.0
      27.250000            21.0
      28.350000            21.0
      40.900000            21.0
     957.900000            21.0
     959.300000            21.0
      27.500000            22.0
      28.900000            22.0
      42.450000            22.0
     963.650000            22.0
     965.000000            22.0
      27.950000            23.0
      30.500000            23.0
      28.650000            24.0
     990.250000            24.0
     991.600000            24.0
      30.500000            25.0
     966.650000            25.0
     968.050000            25.0
     989.100000            26.0
     990.500000            26.0
     994.450000            27.0
     995.850000            27.0
     960.700000            28.0
     962.100000            28.0
     971.450000            29.0
     972.850000            29.0
     974.750000            30.0
     976.150000            30.0
     999.600000            31.0
     916.950000            32.0
     918.350000            32.0
     984.050000            33.0
     985.450000            33.0
     947.300000            35.0
     948.700000            35.0
     988.800000            36.0
     990.200000            36.0
     937.150000            37.0
     938.550000            37.0
     931.250000            38.0
     932.650000            38.0
     937.400000            39.0
     938.800000            39.0
     961.700000            40.0
     963.100000            40.0
     991.400000            41.0
     992.800000            41.0
     940.550000            42.0
     941.950000            42.0
     980.150000            43.0
     981.550000            43.0
     984.050000            44.0
     985.450000            44.0
     984.450000            45.0
     985.850000            45.0
     931.050000            46.0
     932.450000            46.0
     947.550000            47.0
     948.950000            47.0
     945.050000            48.0
     946.450000            48.0
     952.150000            49.0
     953.550000            49.0
     993.900000            51.0
     995.300000            51.0
     953.200000            52.0
     954.600000            52.0
     984.300000            53.0
     985.700000            53.0
     953.800000            54.0
     955.200000            54.0
     980.200000            55.0
     981.600000            55.0
     986.450000            56.0
     987.850000            56.0
     926.300000            57.0
     927.700000            57.0
     880.750000            58.0
     882.150000            58.0
     953.300000            59.0
     954.700000            59.0
     992.000000            60.0
     993.400000            60.0
     975.900000            61.0
     977.300000            61.0
     972.250000            62.0
     973.650000            62.0
     995.400000            63.0
     996.800000            63.0
     914.050000            64.0
     915.450000            64.0
     998.150000            66.0
     999.550000            66.0
     985.100000            68.0
     986.500000            68.0
     975.150000            69.0
     976.550000            69.0
     934.850000            70.0
     936.250000            70.0
     923.250000            71.0
     924.650000            71.0
     992.450000            72.0
     993.850000            72.0
     972.300000            73.0
     973.700000            73.0
     999.450000            75.0
     958.450000            76.0
     959.850000            76.0
     998.500000            77.0
     999.900000            77.0
     997.550000            78.0
     998.950000            78.0
     986.300000            79.0
     987.700000            79.0
     983.450000            80.0
     984.850000            80.0
     967.100000            81.0
     968.500000            81.0
     998.600000            82.0
     971.950000            83.0
     973.350000            83.0
     974.700000            84.0
     976.100000            84.0
     980.350000            86.0
     981.750000            86.0
     957.350000            87.0
     958.750000            87.0
     982.500000            88.0
     983.900000            88.0
     996.900000            89.0
     998.300000            89.0
     989.000000            90.0
     990.400000            90.0
     965.650000            91.0
     967.050000            91.0
     954.750000            92.0
     956.150000            92.0
     971.500000            93.0
     972.900000            93.0
     990.750000            94.0
     992.150000            94.0
     922.600000            95.0
     924.000000            95.0
     915.500000            96.0
     916.900000            96.0
     949.800000            97.0
     951.200000            97.0
     947.400000            98.0
     948.800000            98.0
     958.650000            99.0
     960.050000            99.0
     974.600000           100.0
     976.000000           100.0
     970.200000           101.0
     971.600000           101.0
     988.950000           102.0
     990.350000           102.0
     971.850000           103.0
     973.250000           103.0
     913.450000           104.0
     914.850000           104.0
     984.900000           105.0
     986.300000           105.0
     999.600000           106.0
     934.950000           107.0
     936.350000           107.0
     963.300000           108.0
     964.700000           108.0
     952.850000           109.0
     954.250000           109.0
     948.450000           110.0
     949.850000           110.0
     969.650000           111.0
     971.050000           111.0
     971.550000           112.0
     972.950000           112.0
     967.400000           113.0
     968.800000           113.0
     987.050000           114.0
     988.450000           114.0
     992.850000           115.0
     994.250000           115.0
     939.000000           116.0
     940.400000           116.0
     966.100000           117.0
     967.500000           117.0
     984.400000           118.0
     985.800000           118.0
     986.750000           120.0
     988.150000           120.0
     923.100000           121.0
     924.500000           121.0
     967.600000           122.0
     969.000000           122.0
     989.200000           123.0
     990.600000           123.0
     974.950000           124.0
     976.350000           124.0
     925.850000           125.0
     927.250000           125.0
     967.400000           126.0
     968.800000           126.0
     987.300000           127.0
     988.700000           127.0
     994.150000           128.0
     995.550000           128.0
     950.650000           129.0
     952.050000           129.0
     950.550000           130.0
     951.950000           130.0
     991.600000           131.0
     993.000000           131.0
     977.850000           132.0
     979.250000           132.0
     996.500000           133.0
     997.900000           133.0
     989.200000           134.0
     990.600000           134.0
     952.700000           135.0
     954.100000           135.0
     991.750000           136.0
     993.150000           136.0
     954.200000           137.0
     955.600000           137.0
     905.950000           138.0
     907.350000           138.0
     913.450000           139.0
     914.850000           139.0
     930.350000           140.0
     931.750000           140.0
     997.450000           140.0
     998.850000           140.0
     983.500000           142.0
     984.900000           142.0
     994.700000           143.0
     996.100000           143.0
     955.850000           144.0
     957.250000           144.0
     942.450000           145.0
     943.850000           145.0
     959.750000           146.0
     961.150000           146.0
     909.900000           147.0
     911.300000           147.0
     936.300000           148.0
     937.700000           148.0
     905.450000           149.0
     906.850000           149.0
     978.550000           149.0
     979.950000           149.0
     961.000000           150.0
     962.400000           150.0
     978.950000           151.0
     980.350000           151.0
     975.900000           152.0
     977.300000           152.0
     943.750000           153.0
     945.150000           153.0
     978.500000           154.0
     979.900000           154.0
     994.250000           155.0
     995.650000           155.0
     906.500000           156.0
     907.900000           156.0
     985.200000           156.0
     986.600000           156.0
     943.550000           157.0
     944.950000           157.0
     984.000000           158.0
     985.400000           158.0
     978.800000           159.0
     980.200000           159.0
     978.800000           160.0
     980.200000           160.0
     925.800000           161.0
     927.200000           161.0
     948.000000           162.0
     949.400000           162.0
     942.700000           163.0
     944.100000           163.0
     912.600000           164.0
     914.000000           164.0
     953.800000           165.0
     955.200000           165.0
     967.700000           166.0
     969.100000           166.0
     960.050000           167.0
     961.450000           167.0
     961.450000           169.0
     962.850000           169.0
     969.800000           170.0
     971.200000           170.0
     985.300000           171.0
     986.700000           171.0
     963.150000           172.0
     964.550000           172.0
     933.750000           173.0
     935.150000           173.0
     963.250000           174.0
     964.650000           174.0
     966.600000           175.0
     968.000000           175.0
     966.850000           176.0
     968.250000           176.0
     938.000000           177.0
     939.400000           177.0
     971.800000           178.0
     973.200000           178.0
     954.150000           179.0
     955.550000           179.0
     940.050000           180.0
     941.450000           180.0
     929.650000           181.0
     931.050000           181.0
     905.700000           183.0
     907.100000           183.0
     984.800000           184.0
     986.200000           184.0
     918.100000           185.0
     919.500000           185.0
     952.800000           186.0
     954.200000           186.0
     919.250000           187.0
     920.650000           187.0
     977.200000           188.0
     978.600000           188.0
     990.000000           189.0
     991.400000           189.0
     990.000000           190.0
     991.400000           190.0
     910.000000           191.0
     911.400000           191.0
     942.300000           192.0
     943.700000           192.0
     976.450000           193.0
     977.850000           193.0
     995.650000           194.0
     997.050000           194.0
     915.500000           195.0
     916.900000           195.0
     999.250000           196.0
     985.350000           197.0
     986.750000           197.0
     927.000000           198.0
     928.400000           198.0
     969.300000           199.0
     970.700000           199.0
     960.900000           200.0
     962.300000           200.0
     936.550000           201.0
     937.950000           201.0
     953.250000           203.0
     954.650000           203.0
     936.350000           204.0
     937.750000           204.0
     961.050000           205.0
     962.450000           205.0
     996.100000           206.0
     997.500000           206.0
     907.550000           207.0
     908.950000           207.0
     979.700000           208.0
     981.100000           208.0
     997.650000           209.0
     999.050000           209.0
     973.450000           211.0
     974.850000           211.0
     930.550000           212.0
     931.950000           212.0
     943.050000           213.0
     944.450000           213.0
     925.100000           214.0
     926.500000           214.0
     997.250000           215.0
     998.650000           215.0
     979.000000           216.0
     980.400000           216.0
     943.600000           217.0
     945.000000           217.0
     913.850000           218.0
     915.250000           218.0
     961.050000           219.0
     962.450000           219.0
     954.000000           220.0
     955.400000           220.0
     952.500000           221.0
     953.900000           221.0
     973.450000           222.0
     974.850000           222.0
     988.850000           223.0
     990.250000           223.0
     971.150000           224.0
     972.550000           224.0
     951.500000           225.0
     952.900000           225.0
     958.250000           226.0
     959.650000           226.0
     916.800000           227.0
     918.200000           227.0
     963.050000           228.0
     964.450000           228.0
     931.950000           229.0
     933.350000           229.0
     992.150000           230.0
     993.550000           230.0
     996.900000           231.0
     998.300000           231.0
     981.000000           232.0
     982.400000           232.0
     985.950000           233.0
     987.350000           233.0
     974.450000           234.0
     975.850000           234.0
     959.600000           235.0
     961.000000           235.0
     927.500000           236.0
     928.900000           236.0
     954.500000           237.0
     955.900000           237.0
     975.100000           238.0
     976.500000           238.0
     992.950000           239.0
     994.350000           239.0
     952.250000           240.0
     953.650000           240.0
     996.600000           241.0
     998.000000           241.0
     979.700000           242.0
     981.100000           242.0
     929.050000           243.0
     930.450000           243.0
     998.500000           244.0
     999.900000           244.0
     975.800000           245.0
     977.200000           245.0
     943.400000           247.0
     944.800000           247.0
     998.750000           248.0
     951.750000           250.0
     953.150000           250.0
     933.300000           251.0
     934.700000           251.0
     948.600000           252.0
     950.000000           252.0
     951.100000           253.0
     952.500000           253.0
     984.000000           254.0
     985.400000           254.0
     988.700000           255.0
     990.100000           255.0
     984.000000           256.0
     985.400000           256.0
     987.400000           257.0
     988.800000           257.0
     928.050000           258.0
     929.450000           258.0
     958.650000           259.0
     960.050000           259.0
     967.250000           260.0
     968.650000           260.0
     926.300000           261.0
     927.700000           261.0
     952.100000           262.0
     953.500000           262.0
     969.500000           263.0
     970.900000           263.0
     918.550000           264.0
     919.950000           264.0
     974.350000           265.0
     975.750000           265.0
     950.650000           266.0
     952.050000           266.0
     986.650000           267.0
     988.050000           267.0
     913.250000           268.0
     914.650000           268.0
     994.200000           269.0
     995.600000           269.0
     952.900000           270.0
     954.300000           270.0
     911.850000           271.0
     913.250000           271.0
     994.150000           271.0
     995.550000           271.0
     877.900000           272.0
     879.300000           272.0
     946.500000           273.0
     947.900000           273.0
     998.650000           274.0
     974.400000           275.0
     975.800000           275.0
     954.350000           276.0
     955.750000           276.0
     976.350000           277.0
     977.750000           277.0
     988.050000           278.0
     989.450000           278.0
     989.550000           279.0
     990.950000           279.0
     988.250000           280.0
     989.650000           280.0
     942.800000           281.0
     944.200000           281.0
     945.800000           282.0
     947.200000           282.0
     991.550000           283.0
     992.950000           283.0
     991.250000           284.0
     992.650000           284.0
     977.050000           286.0
     978.450000           286.0
     988.400000           287.0
     989.800000           287.0
     969.950000           288.0
     971.350000           288.0
     983.700000           289.0
     985.100000           289.0
     983.550000           290.0
     984.950000           290.0
     938.300000           291.0
     939.700000           291.0
     992.100000           292.0
     993.500000           292.0
     912.000000           293.0
     913.400000           293.0
     926.050000           294.0
     927.450000           294.0
     987.200000           295.0
     988.600000           295.0
     962.600000           296.0
     964.000000           296.0
     932.550000           297.0
     933.950000           297.0
     943.400000           298.0
     944.800000           298.0
     926.050000           299.0
     927.450000           299.0
     946.350000           300.0
     947.750000           300.0
