      32.200000             1.0
      33.250000             1.0
      34.300000             1.0
      35.350000             1.0
      36.400000             1.0
      37.450000             1.0
      38.500000             1.0
      39.550000             1.0
      52.350000             1.0
      53.400000             1.0
      54.450000             1.0
      55.500000             1.0
      56.550000             1.0
      57.600000             1.0
      72.350000             1.0
      73.400000             1.0
      74.450000             1.0
      75.500000             1.0
      76.550000             1.0
      77.550000             1.0
      92.400000             1.0
      93.450000             1.0
      94.500000             1.0
      95.550000             1.0
      96.600000             1.0
     112.350000             1.0
     113.400000             1.0
     114.450000             1.0
     115.500000             1.0
     116.550000             1.0
     132.350000             1.0
     133.400000             1.0
     134.450000             1.0
     135.500000             1.0
     136.550000             1.0
     152.350000             1.0
     153.400000             1.0
     154.450000             1.0
     155.500000             1.0
     156.550000             1.0
     172.350000             1.0
     173.400000             1.0
     174.450000             1.0
     175.500000             1.0
     176.550000             1.0
     192.350000             1.0
     193.400000             1.0
     194.450000             1.0
     195.500000             1.0
     196.550000             1.0
     212.350000             1.0
     213.400000             1.0
     214.450000             1.0
     215.500000             1.0
     216.550000             1.0
     232.350000             1.0
     233.400000             1.0
     234.450000             1.0
     235.500000             1.0
     236.550000             1.0
     252.350000             1.0
     253.400000             1.0
     254.450000             1.0
     255.500000             1.0
     256.550000             1.0
     272.350000             1.0
     273.400000             1.0
     274.450000             1.0
     275.500000             1.0
     276.550000             1.0
     292.350000             1.0
     293.400000             1.0
     294.450000             1.0
     295.500000             1.0
     296.550000             1.0
     312.350000             1.0
     313.400000             1.0
     314.450000             1.0
     315.500000             1.0
     316.550000             1.0
     332.350000             1.0
     333.400000             1.0
     334.450000             1.0
     335.500000             1.0
     336.550000             1.0
     352.350000             1.0
     353.400000             1.0
     354.450000             1.0
     355.500000             1.0
     356.550000             1.0
     372.350000             1.0
     373.400000             1.0
     374.450000             1.0
     375.500000             1.0
     376.550000             1.0
     392.350000             1.0
     393.400000             1.0
     394.450000             1.0
     395.500000             1.0
     396.550000             1.0
     412.350000             1.0
     413.400000             1.0
     414.450000             1.0
     415.500000             1.0
     416.550000             1.0
     432.350000             1.0
     433.400000             1.0
     434.450000             1.0
     435.500000             1.0
     436.550000             1.0
     452.350000             1.0
     453.400000             1.0
     454.450000             1.0
     455.500000             1.0
     456.550000             1.0
     472.350000             1.0
     473.400000             1.0
     474.450000             1.0
     475.500000             1.0
     476.550000             1.0
     492.350000             1.0
     493.400000             1.0
     494.450000             1.0
     495.500000             1.0
     496.550000             1.0
     512.350000             1.0
     513.400000             1.0
     514.450000             1.0
     515.500000             1.0
     516.550000             1.0
     532.350000             1.0
     533.400000             1.0
     534.450000             1.0
     535.500000             1.0
     536.550000             1.0
     552.350000             1.0
     553.400000             1.0
     554.450000             1.0
     555.500000             1.0
     556.550000             1.0
     572.350000             1.0
     573.400000             1.0
     574.450000             1.0
     575.500000             1.0
     576.550000             1.0
     592.350000             1.0
     593.400000             1.0
     594.450000             1.0
     595.500000             1.0
     596.550000             1.0
     612.350000             1.0
     613.400000             1.0
     614.400000             1.0
     615.450000             1.0
     616.500000             1.0
     632.350000             1.0
     633.400000             1.0
     634.450000             1.0
     635.500000             1.0
     636.550000             1.0
     652.350000             1.0
     653.400000             1.0
     654.450000             1.0
     655.500000             1.0
     656.550000             1.0
     672.350000             1.0
     673.400000             1.0
     674.450000             1.0
     675.500000             1.0
     676.550000             1.0
     692.350000             1.0
     693.400000             1.0
     694.450000             1.0
     695.500000             1.0
     696.550000             1.0
     712.350000             1.0
     713.400000             1.0
     714.450000             1.0
     715.500000             1.0
     716.550000             1.0
     732.350000             1.0
     733.400000             1.0
     734.450000             1.0
     735.500000             1.0
     736.550000             1.0
     752.350000             1.0
     753.400000             1.0
     754.450000             1.0
     755.500000             1.0
     756.550000             1.0
     772.350000             1.0
     773.400000             1.0
     774.450000             1.0
     775.500000             1.0
     776.550000             1.0
     792.350000             1.0
     793.400000             1.0
     794.450000             1.0
     795.500000             1.0
     796.550000             1.0
     812.350000             1.0
     813.400000             1.0
     814.450000             1.0
     815.500000             1.0
     816.550000             1.0
     832.350000             1.0
     833.400000             1.0
     834.450000             1.0
     835.500000             1.0
     836.550000             1.0
     852.350000             1.0
     853.400000             1.0
     854.450000             1.0
     855.500000             1.0
     856.550000             1.0
     872.350000             1.0
     873.400000             1.0
     874.450000             1.0
     875.500000             1.0
     876.550000             1.0
     892.350000             1.0
     893.400000             1.0
     894.450000             1.0
     895.500000             1.0
     896.550000             1.0
     912.350000             1.0
     913.400000             1.0
     914.450000             1.0
     915.500000             1.0
     916.550000             1.0
     932.350000             1.0
     933.400000             1.0
     934.450000             1.0
     935.500000             1.0
     936.550000             1.0
     952.350000             1.0
     953.400000             1.0
     954.450000             1.0
     955.500000             1.0
     956.550000             1.0
     972.300000             1.0
     973.350000             1.0
     974.400000             1.0
     975.450000             1.0
     976.500000             1.0
     992.350000             1.0
     993.400000             1.0
     994.450000             1.0
     995.500000             1.0
     996.550000             1.0
      33.600000             2.0
      34.650000             2.0
      35.700000             2.0
      36.750000             2.0
      37.800000             2.0
      38.850000             2.0
      39.900000             2.0
      54.000000             2.0
      55.050000             2.0
      56.100000             2.0
      57.150000             2.0
      74.050000             2.0
      75.100000             2.0
      76.150000             2.0
      77.200000             2.0
      94.150000             2.0
      95.200000             2.0
      96.250000             2.0
     114.200000             2.0
     115.250000             2.0
     116.300000             2.0
     134.200000             2.0
     135.250000             2.0
     136.300000             2.0
     154.200000             2.0
     155.250000             2.0
     156.300000             2.0
     174.250000             2.0
     175.300000             2.0
     176.350000             2.0
     194.250000             2.0
     195.300000             2.0
     196.350000             2.0
     214.250000             2.0
     215.300000             2.0
     216.350000             2.0
     234.250000             2.0
     235.300000             2.0
     236.350000             2.0
     254.250000             2.0
     255.300000             2.0
     256.350000             2.0
     274.250000             2.0
     275.300000             2.0
     276.350000             2.0
     294.250000             2.0
     295.300000             2.0
     296.350000             2.0
     314.250000             2.0
     315.300000             2.0
     316.350000             2.0
     334.250000             2.0
     335.300000             2.0
     336.350000             2.0
     354.250000             2.0
     355.300000             2.0
     356.350000             2.0
     374.250000             2.0
     375.300000             2.0
     376.350000             2.0
     394.250000             2.0
     395.300000             2.0
     396.350000             2.0
     414.250000             2.0
     415.300000             2.0
     416.350000             2.0
     434.250000             2.0
     435.300000             2.0
     436.350000             2.0
     454.250000             2.0
     455.300000             2.0
     456.350000             2.0
     474.250000             2.0
     475.300000             2.0
     476.350000             2.0
     494.250000             2.0
     495.300000             2.0
     496.350000             2.0
     514.250000             2.0
     515.300000             2.0
     516.350000             2.0
     534.250000             2.0
     535.300000             2.0
     536.350000             2.0
     554.250000             2.0
     555.300000             2.0
     556.350000             2.0
     574.250000             2.0
     575.300000             2.0
     576.350000             2.0
     594.250000             2.0
     595.300000             2.0
     596.350000             2.0
     614.250000             2.0
     615.300000             2.0
     616.350000             2.0
     634.250000             2.0
     635.300000             2.0
     636.350000             2.0
     654.250000             2.0
     655.300000             2.0
     656.350000             2.0
     674.250000             2.0
     675.300000             2.0
     676.350000             2.0
     694.250000             2.0
     695.300000             2.0
     696.350000             2.0
     714.250000             2.0
     715.300000             2.0
     716.350000             2.0
     734.250000             2.0
     735.300000             2.0
     736.350000             2.0
     754.250000             2.0
     755.300000             2.0
     756.350000             2.0
     774.250000             2.0
     775.300000             2.0
     776.350000             2.0
     794.250000             2.0
     795.300000             2.0
     796.350000             2.0
     814.250000             2.0
     815.300000             2.0
     816.350000             2.0
     834.250000             2.0
     835.300000             2.0
     836.350000             2.0
     854.250000             2.0
     855.300000             2.0
     856.350000             2.0
     874.250000             2.0
     875.300000             2.0
     876.350000             2.0
     894.250000             2.0
     895.300000             2.0
     896.350000             2.0
     914.250000             2.0
     915.300000             2.0
     916.350000             2.0
     934.200000             2.0
     935.250000             2.0
     936.300000             2.0
     954.250000             2.0
     955.300000             2.0
     956.350000             2.0
     974.250000             2.0
     975.300000             2.0
     976.350000             2.0
     994.250000             2.0
     995.300000             2.0
     996.350000             2.0
      33.950000             3.0
      35.000000             3.0
      36.050000             3.0
      37.100000             3.0
      38.150000             3.0
      39.150000             3.0
      54.150000             3.0
      55.200000             3.0
      56.250000             3.0
      57.300000             3.0
      74.300000             3.0
      75.350000             3.0
      76.400000             3.0
      94.350000             3.0
      95.400000             3.0
      96.450000             3.0
     114.450000             3.0
     115.500000             3.0
     116.550000             3.0
     134.500000             3.0
     135.550000             3.0
     136.600000             3.0
     154.500000             3.0
     155.550000             3.0
     156.600000             3.0
     174.500000             3.0
     175.550000             3.0
     176.600000             3.0
     194.500000             3.0
     195.550000             3.0
     196.600000             3.0
     214.500000             3.0
     215.550000             3.0
     216.600000             3.0
     234.500000             3.0
     235.550000             3.0
     236.600000             3.0
     254.500000             3.0
     255.550000             3.0
     256.650000             3.0
     274.550000             3.0
     275.600000             3.0
     276.700000             3.0
     294.550000             3.0
     295.600000             3.0
     296.750000             3.0
     314.550000             3.0
     315.600000             3.0
     316.750000             3.0
     334.550000             3.0
     335.600000             3.0
     336.750000             3.0
     354.550000             3.0
     355.600000             3.0
     356.750000             3.0
     374.550000             3.0
     375.600000             3.0
     376.750000             3.0
     394.550000             3.0
     395.600000             3.0
     396.750000             3.0
     414.550000             3.0
     415.600000             3.0
     416.750000             3.0
     434.550000             3.0
     435.600000             3.0
     436.750000             3.0
     454.550000             3.0
     455.600000             3.0
     456.750000             3.0
     474.550000             3.0
     475.600000             3.0
     476.750000             3.0
     494.550000             3.0
     495.600000             3.0
     496.750000             3.0
     514.550000             3.0
     515.600000             3.0
     516.750000             3.0
     534.550000             3.0
     535.600000             3.0
     536.750000             3.0
     554.550000             3.0
     555.600000             3.0
     556.750000             3.0
     574.550000             3.0
     575.600000             3.0
     576.750000             3.0
     594.550000             3.0
     595.600000             3.0
     596.750000             3.0
     614.550000             3.0
     615.600000             3.0
     616.750000             3.0
     634.550000             3.0
     635.600000             3.0
     636.750000             3.0
     654.550000             3.0
     655.600000             3.0
     656.750000             3.0
     674.550000             3.0
     675.600000             3.0
     676.750000             3.0
     694.550000             3.0
     695.600000             3.0
     696.750000             3.0
     714.550000             3.0
     715.600000             3.0
     716.750000             3.0
     734.550000             3.0
     735.600000             3.0
     736.750000             3.0
     754.550000             3.0
     755.600000             3.0
     756.750000             3.0
     774.550000             3.0
     775.600000             3.0
     776.750000             3.0
     794.550000             3.0
     795.600000             3.0
     796.750000             3.0
     814.550000             3.0
     815.600000             3.0
     816.750000             3.0
     834.550000             3.0
     835.600000             3.0
     836.750000             3.0
     854.550000             3.0
     855.600000             3.0
     856.750000             3.0
     874.550000             3.0
     875.600000             3.0
     876.750000             3.0
     894.550000             3.0
     895.600000             3.0
     896.750000             3.0
     914.550000             3.0
     915.600000             3.0
     916.750000             3.0
     934.550000             3.0
     935.600000             3.0
     936.750000             3.0
     954.550000             3.0
     955.600000             3.0
     956.750000             3.0
     967.050000             3.0
     974.500000             3.0
     975.550000             3.0
     994.500000             3.0
     995.550000             3.0
     996.600000             3.0
      34.000000             4.0
      35.050000             4.0
      36.100000             4.0
      37.150000             4.0
      38.200000             4.0
      39.250000             4.0
      54.200000             4.0
      55.250000             4.0
      56.300000             4.0
      57.350000             4.0
      74.350000             4.0
      75.400000             4.0
      76.450000             4.0
      94.450000             4.0
      95.500000             4.0
      96.550000             4.0
     114.500000             4.0
     115.550000             4.0
     116.600000             4.0
     134.600000             4.0
     135.650000             4.0
     136.750000             4.0
     154.600000             4.0
     155.650000             4.0
     156.800000             4.0
     174.600000             4.0
     175.650000             4.0
     176.850000             4.0
     194.650000             4.0
     195.700000             4.0
     196.950000             4.0
     214.650000             4.0
     215.700000             4.0
     216.950000             4.0
     234.650000             4.0
     235.700000             4.0
     236.950000             4.0
     254.650000             4.0
     255.700000             4.0
     256.950000             4.0
     274.650000             4.0
     275.700000             4.0
     277.000000             4.0
     294.650000             4.0
     295.700000             4.0
     297.050000             4.0
     314.650000             4.0
     315.700000             4.0
     317.050000             4.0
     334.650000             4.0
     335.700000             4.0
     337.050000             4.0
     354.650000             4.0
     355.700000             4.0
     357.050000             4.0
     374.650000             4.0
     375.700000             4.0
     377.050000             4.0
     394.650000             4.0
     395.700000             4.0
     397.050000             4.0
     414.650000             4.0
     415.700000             4.0
     417.050000             4.0
     434.650000             4.0
     435.700000             4.0
     437.050000             4.0
     454.650000             4.0
     455.700000             4.0
     457.050000             4.0
     474.650000             4.0
     475.700000             4.0
     477.050000             4.0
     494.650000             4.0
     495.700000             4.0
     497.050000             4.0
     514.650000             4.0
     515.700000             4.0
     517.050000             4.0
     534.650000             4.0
     535.700000             4.0
     537.050000             4.0
     554.650000             4.0
     555.700000             4.0
     557.050000             4.0
     574.650000             4.0
     575.700000             4.0
     577.050000             4.0
     594.650000             4.0
     595.700000             4.0
     597.050000             4.0
     614.650000             4.0
     615.700000             4.0
     617.050000             4.0
     634.650000             4.0
     635.700000             4.0
     637.050000             4.0
     654.650000             4.0
     655.700000             4.0
     657.050000             4.0
     674.650000             4.0
     675.700000             4.0
     677.050000             4.0
     694.650000             4.0
     695.700000             4.0
     697.050000             4.0
     714.650000             4.0
     715.700000             4.0
     717.050000             4.0
     734.650000             4.0
     735.700000             4.0
     737.050000             4.0
     754.650000             4.0
     755.700000             4.0
     757.050000             4.0
     774.650000             4.0
     775.700000             4.0
     777.050000             4.0
     794.650000             4.0
     795.700000             4.0
     797.050000             4.0
     814.650000             4.0
     815.700000             4.0
     817.050000             4.0
     834.650000             4.0
     835.700000             4.0
     837.050000             4.0
     854.650000             4.0
     855.700000             4.0
     857.050000             4.0
     874.650000             4.0
     875.700000             4.0
     877.050000             4.0
     894.650000             4.0
     895.700000             4.0
     897.050000             4.0
     908.450000             4.0
     914.550000             4.0
     915.700000             4.0
     934.600000             4.0
     935.650000             4.0
     936.850000             4.0
     954.650000             4.0
     955.700000             4.0
     957.000000             4.0
     974.650000             4.0
     975.700000             4.0
     977.000000             4.0
     994.650000             4.0
     995.700000             4.0
     997.050000             4.0
      34.050000             5.0
      35.100000             5.0
      36.150000             5.0
      37.200000             5.0
      38.250000             5.0
      39.300000             5.0
      54.250000             5.0
      55.300000             5.0
      56.350000             5.0
      57.400000             5.0
      74.400000             5.0
      75.450000             5.0
      76.500000             5.0
      94.500000             5.0
      95.550000             5.0
      96.600000             5.0
     114.600000             5.0
     115.650000             5.0
     116.800000             5.0
     134.650000             5.0
     135.700000             5.0
     136.950000             5.0
     154.650000             5.0
     155.700000             5.0
     157.050000             5.0
     174.700000             5.0
     175.750000             5.0
     177.100000             5.0
     194.700000             5.0
     195.750000             5.0
     197.150000             5.0
     214.700000             5.0
     215.750000             5.0
     217.150000             5.0
     234.700000             5.0
     235.750000             5.0
     237.200000             5.0
     254.700000             5.0
     255.750000             5.0
     274.600000             5.0
     275.650000             5.0
     276.900000             5.0
     294.700000             5.0
     295.750000             5.0
     297.300000             5.0
     314.700000             5.0
     315.750000             5.0
     334.600000             5.0
     335.650000             5.0
     336.900000             5.0
     354.700000             5.0
     355.750000             5.0
     357.300000             5.0
     374.700000             5.0
     375.750000             5.0
     394.600000             5.0
     395.650000             5.0
     396.900000             5.0
     414.700000             5.0
     415.750000             5.0
     417.300000             5.0
     434.700000             5.0
     435.750000             5.0
     454.600000             5.0
     455.650000             5.0
     456.900000             5.0
     474.700000             5.0
     475.750000             5.0
     477.300000             5.0
     494.700000             5.0
     495.750000             5.0
     514.600000             5.0
     515.650000             5.0
     516.900000             5.0
     534.700000             5.0
     535.750000             5.0
     537.300000             5.0
     554.700000             5.0
     555.750000             5.0
     574.600000             5.0
     575.650000             5.0
     576.900000             5.0
     594.700000             5.0
     595.750000             5.0
     597.300000             5.0
     614.700000             5.0
     615.750000             5.0
     634.600000             5.0
     635.650000             5.0
     636.900000             5.0
     654.700000             5.0
     655.750000             5.0
     657.300000             5.0
     674.700000             5.0
     675.750000             5.0
     694.600000             5.0
     695.650000             5.0
     696.900000             5.0
     714.700000             5.0
     715.750000             5.0
     717.300000             5.0
     734.700000             5.0
     735.750000             5.0
     754.600000             5.0
     755.650000             5.0
     756.900000             5.0
     774.700000             5.0
     775.750000             5.0
     777.300000             5.0
     794.700000             5.0
     795.750000             5.0
     814.600000             5.0
     815.650000             5.0
     816.900000             5.0
     834.700000             5.0
     835.750000             5.0
     837.300000             5.0
     854.700000             5.0
     855.750000             5.0
     874.600000             5.0
     875.650000             5.0
     876.900000             5.0
     894.700000             5.0
     895.750000             5.0
     897.300000             5.0
     914.700000             5.0
     915.750000             5.0
     934.600000             5.0
     935.650000             5.0
     936.900000             5.0
     954.700000             5.0
     955.750000             5.0
     957.300000             5.0
     974.700000             5.0
     975.750000             5.0
     992.000000             5.0
     994.050000             5.0
     995.150000             5.0
      34.050000             6.0
      35.100000             6.0
      36.150000             6.0
      37.200000             6.0
      38.250000             6.0
      39.300000             6.0
      54.300000             6.0
      55.350000             6.0
      56.400000             6.0
      57.450000             6.0
      74.450000             6.0
      75.500000             6.0
      76.550000             6.0
      94.550000             6.0
      95.600000             6.0
      96.650000             6.0
     114.650000             6.0
     115.700000             6.0
     116.900000             6.0
     134.700000             6.0
     135.750000             6.0
     137.100000             6.0
     154.700000             6.0
     155.750000             6.0
     157.300000             6.0
     174.750000             6.0
     175.800000             6.0
     194.650000             6.0
     195.700000             6.0
     196.950000             6.0
     214.700000             6.0
     215.750000             6.0
     217.350000             6.0
     234.750000             6.0
     235.800000             6.0
     254.650000             6.0
     255.700000             6.0
     256.950000             6.0
     274.750000             6.0
     275.800000             6.0
     294.650000             6.0
     295.700000             6.0
     297.000000             6.0
     314.750000             6.0
     315.800000             6.0
     334.650000             6.0
     335.700000             6.0
     337.050000             6.0
     354.750000             6.0
     355.800000             6.0
     374.650000             6.0
     375.700000             6.0
     377.050000             6.0
     394.750000             6.0
     395.800000             6.0
     414.650000             6.0
     415.700000             6.0
     417.050000             6.0
     434.750000             6.0
     435.800000             6.0
     454.650000             6.0
     455.700000             6.0
     457.050000             6.0
     474.750000             6.0
     475.800000             6.0
     494.650000             6.0
     495.700000             6.0
     497.050000             6.0
     514.750000             6.0
     515.800000             6.0
     534.650000             6.0
     535.700000             6.0
     537.050000             6.0
     554.750000             6.0
     555.800000             6.0
     574.650000             6.0
     575.700000             6.0
     577.050000             6.0
     594.750000             6.0
     595.800000             6.0
     614.650000             6.0
     615.700000             6.0
     617.050000             6.0
     634.750000             6.0
     635.800000             6.0
     654.650000             6.0
     655.700000             6.0
     657.050000             6.0
     674.750000             6.0
     675.800000             6.0
     694.650000             6.0
     695.700000             6.0
     697.050000             6.0
     714.750000             6.0
     715.800000             6.0
     734.650000             6.0
     735.700000             6.0
     737.050000             6.0
     754.750000             6.0
     755.800000             6.0
     774.650000             6.0
     775.700000             6.0
     777.050000             6.0
     794.750000             6.0
     795.800000             6.0
     814.650000             6.0
     815.700000             6.0
     817.050000             6.0
     834.750000             6.0
     835.800000             6.0
     854.650000             6.0
     855.700000             6.0
     857.050000             6.0
     874.750000             6.0
     875.800000             6.0
     894.650000             6.0
     895.700000             6.0
     897.050000             6.0
     914.750000             6.0
     915.800000             6.0
     934.650000             6.0
     935.700000             6.0
     937.050000             6.0
     954.750000             6.0
     955.800000             6.0
     974.650000             6.0
     975.700000             6.0
     977.050000             6.0
     991.600000             6.0
     994.300000             6.0
     995.550000             6.0
      34.100000             7.0
      35.150000             7.0
      36.200000             7.0
      37.250000             7.0
      38.300000             7.0
      39.350000             7.0
      54.300000             7.0
      55.350000             7.0
      56.400000             7.0
      57.450000             7.0
      74.450000             7.0
      75.500000             7.0
      76.550000             7.0
      94.550000             7.0
      95.600000             7.0
      96.700000             7.0
     114.650000             7.0
     115.700000             7.0
     116.950000             7.0
     134.700000             7.0
     135.750000             7.0
     137.400000             7.0
     154.750000             7.0
     155.800000             7.0
     174.650000             7.0
     175.700000             7.0
     177.050000             7.0
     194.750000             7.0
     195.800000             7.0
     214.650000             7.0
     215.700000             7.0
     217.050000             7.0
     234.750000             7.0
     235.800000             7.0
     254.700000             7.0
     255.750000             7.0
     257.200000             7.0
     274.750000             7.0
     275.800000             7.0
     294.700000             7.0
     295.750000             7.0
     297.250000             7.0
     314.750000             7.0
     315.800000             7.0
     334.700000             7.0
     335.750000             7.0
     337.250000             7.0
     354.750000             7.0
     355.800000             7.0
     374.700000             7.0
     375.750000             7.0
     377.250000             7.0
     394.750000             7.0
     395.800000             7.0
     414.700000             7.0
     415.750000             7.0
     417.250000             7.0
     434.750000             7.0
     435.800000             7.0
     454.700000             7.0
     455.750000             7.0
     457.250000             7.0
     474.750000             7.0
     475.800000             7.0
     494.700000             7.0
     495.750000             7.0
     497.250000             7.0
     514.750000             7.0
     515.800000             7.0
     534.700000             7.0
     535.750000             7.0
     537.250000             7.0
     554.750000             7.0
     555.800000             7.0
     574.700000             7.0
     575.750000             7.0
     577.250000             7.0
     594.750000             7.0
     595.800000             7.0
     614.700000             7.0
     615.750000             7.0
     617.250000             7.0
     634.750000             7.0
     635.800000             7.0
     654.700000             7.0
     655.750000             7.0
     657.250000             7.0
     674.750000             7.0
     675.800000             7.0
     694.700000             7.0
     695.750000             7.0
     697.250000             7.0
     714.750000             7.0
     715.800000             7.0
     734.700000             7.0
     735.750000             7.0
     737.250000             7.0
     754.750000             7.0
     755.800000             7.0
     774.700000             7.0
     775.750000             7.0
     777.250000             7.0
     794.750000             7.0
     795.800000             7.0
     814.700000             7.0
     815.750000             7.0
     817.250000             7.0
     834.750000             7.0
     835.800000             7.0
     854.700000             7.0
     855.750000             7.0
     857.250000             7.0
     874.750000             7.0
     875.800000             7.0
     894.700000             7.0
     895.750000             7.0
     897.250000             7.0
     914.750000             7.0
     915.800000             7.0
     922.750000             7.0
     934.700000             7.0
     935.800000             7.0
     954.700000             7.0
     955.750000             7.0
     957.400000             7.0
     974.750000             7.0
     975.800000             7.0
     994.700000             7.0
     995.750000             7.0
     997.250000             7.0
      34.100000             8.0
      35.150000             8.0
      36.200000             8.0
      37.250000             8.0
      38.300000             8.0
      39.450000             8.0
      54.300000             8.0
      55.350000             8.0
      56.400000             8.0
      74.450000             8.0
      75.500000             8.0
      76.550000             8.0
      94.550000             8.0
      95.600000             8.0
      96.700000             8.0
     114.700000             8.0
     115.750000             8.0
     117.050000             8.0
     134.750000             8.0
     135.800000             8.0
     154.700000             8.0
     155.750000             8.0
     157.150000             8.0
     174.800000             8.0
     175.850000             8.0
     194.700000             8.0
     195.750000             8.0
     197.250000             8.0
     214.800000             8.0
     215.850000             8.0
     234.700000             8.0
     235.750000             8.0
     237.300000             8.0
     254.800000             8.0
     255.850000             8.0
     274.700000             8.0
     275.750000             8.0
     294.700000             8.0
     295.750000             8.0
     297.500000             8.0
     314.800000             8.0
     315.900000             8.0
     334.750000             8.0
     335.800000             8.0
     354.700000             8.0
     355.750000             8.0
     357.550000             8.0
     374.800000             8.0
     375.900000             8.0
     394.750000             8.0
     395.800000             8.0
     414.700000             8.0
     415.750000             8.0
     417.550000             8.0
     434.800000             8.0
     435.900000             8.0
     454.750000             8.0
     455.800000             8.0
     474.700000             8.0
     475.750000             8.0
     477.550000             8.0
     494.800000             8.0
     495.900000             8.0
     514.750000             8.0
     515.800000             8.0
     534.700000             8.0
     535.750000             8.0
     537.550000             8.0
     554.800000             8.0
     555.900000             8.0
     574.750000             8.0
     575.800000             8.0
     594.700000             8.0
     595.750000             8.0
     597.550000             8.0
     614.800000             8.0
     615.900000             8.0
     634.750000             8.0
     635.800000             8.0
     654.700000             8.0
     655.750000             8.0
     657.550000             8.0
     674.800000             8.0
     675.900000             8.0
     694.750000             8.0
     695.800000             8.0
     714.700000             8.0
     715.750000             8.0
     717.550000             8.0
     734.800000             8.0
     735.900000             8.0
     754.750000             8.0
     755.800000             8.0
     774.700000             8.0
     775.750000             8.0
     777.550000             8.0
     794.800000             8.0
     795.900000             8.0
     814.750000             8.0
     815.800000             8.0
     834.700000             8.0
     835.750000             8.0
     837.550000             8.0
     854.800000             8.0
     855.900000             8.0
     874.750000             8.0
     875.800000             8.0
     894.700000             8.0
     895.750000             8.0
     897.550000             8.0
     907.800000             8.0
     914.700000             8.0
     916.050000             8.0
     934.800000             8.0
     935.850000             8.0
     954.700000             8.0
     955.750000             8.0
     974.700000             8.0
     975.750000             8.0
     977.450000             8.0
     994.800000             8.0
     995.900000             8.0
      34.100000             9.0
      35.150000             9.0
      36.200000             9.0
      37.250000             9.0
      38.300000             9.0
      54.300000             9.0
      55.350000             9.0
      56.400000             9.0
      57.450000             9.0
      74.500000             9.0
      75.550000             9.0
      76.600000             9.0
      94.600000             9.0
      95.650000             9.0
      96.850000             9.0
     114.750000             9.0
     115.800000             9.0
     134.700000             9.0
     135.750000             9.0
     137.250000             9.0
     154.800000             9.0
     155.850000             9.0
     174.750000             9.0
     175.800000             9.0
     194.700000             9.0
     195.750000             9.0
     214.750000             9.0
     215.800000             9.0
     217.500000             9.0
     234.850000             9.0
     235.950000             9.0
     254.750000             9.0
     255.800000             9.0
     274.750000             9.0
     275.800000             9.0
     294.750000             9.0
     295.800000             9.0
     314.750000             9.0
     315.800000             9.0
     334.750000             9.0
     335.800000             9.0
     354.750000             9.0
     355.800000             9.0
     374.750000             9.0
     375.800000             9.0
     394.750000             9.0
     395.800000             9.0
     414.750000             9.0
     415.800000             9.0
     434.750000             9.0
     435.800000             9.0
     454.750000             9.0
     455.800000             9.0
     474.750000             9.0
     475.800000             9.0
     494.750000             9.0
     495.800000             9.0
     514.750000             9.0
     515.800000             9.0
     534.750000             9.0
     535.800000             9.0
     554.750000             9.0
     555.800000             9.0
     574.750000             9.0
     575.800000             9.0
     594.750000             9.0
     595.800000             9.0
     614.750000             9.0
     615.800000             9.0
     634.750000             9.0
     635.800000             9.0
     654.750000             9.0
     655.800000             9.0
     674.750000             9.0
     675.800000             9.0
     694.750000             9.0
     695.800000             9.0
     714.750000             9.0
     715.800000             9.0
     734.750000             9.0
     735.800000             9.0
     754.750000             9.0
     755.800000             9.0
     774.750000             9.0
     775.800000             9.0
     794.750000             9.0
     795.800000             9.0
     814.750000             9.0
     815.800000             9.0
     834.750000             9.0
     835.800000             9.0
     854.750000             9.0
     855.800000             9.0
     874.750000             9.0
     875.800000             9.0
     894.750000             9.0
     895.800000             9.0
     914.750000             9.0
     915.800000             9.0
     934.750000             9.0
     935.800000             9.0
     947.550000             9.0
     954.450000             9.0
     955.700000             9.0
     974.800000             9.0
     975.900000             9.0
     994.750000             9.0
     995.800000             9.0
      34.100000            10.0
      35.150000            10.0
      36.200000            10.0
      37.250000            10.0
      38.300000            10.0
      54.300000            10.0
      55.350000            10.0
      56.400000            10.0
      74.500000            10.0
      75.550000            10.0
      76.600000            10.0
      94.650000            10.0
      95.700000            10.0
      97.000000            10.0
     114.750000            10.0
     115.800000            10.0
     134.750000            10.0
     135.800000            10.0
     154.750000            10.0
     155.800000            10.0
     174.750000            10.0
     175.800000            10.0
     194.750000            10.0
     195.800000            10.0
     214.750000            10.0
     215.800000            10.0
     234.750000            10.0
     235.800000            10.0
     254.750000            10.0
     255.800000            10.0
     274.800000            10.0
     275.900000            10.0
     294.800000            10.0
     295.900000            10.0
     314.800000            10.0
     315.900000            10.0
     334.800000            10.0
     335.900000            10.0
     354.800000            10.0
     355.900000            10.0
     374.800000            10.0
     375.900000            10.0
     394.800000            10.0
     395.900000            10.0
     414.800000            10.0
     415.900000            10.0
     434.800000            10.0
     435.900000            10.0
     454.800000            10.0
     455.900000            10.0
     474.800000            10.0
     475.900000            10.0
     494.800000            10.0
     495.900000            10.0
     514.800000            10.0
     515.900000            10.0
     534.800000            10.0
     535.900000            10.0
     554.800000            10.0
     555.900000            10.0
     574.800000            10.0
     575.900000            10.0
     594.800000            10.0
     595.900000            10.0
     614.800000            10.0
     615.900000            10.0
     634.800000            10.0
     635.900000            10.0
     654.800000            10.0
     655.900000            10.0
     674.800000            10.0
     675.900000            10.0
     694.800000            10.0
     695.900000            10.0
     714.800000            10.0
     715.900000            10.0
     734.800000            10.0
     735.900000            10.0
     754.800000            10.0
     755.900000            10.0
     774.800000            10.0
     775.900000            10.0
     794.800000            10.0
     795.900000            10.0
     814.800000            10.0
     815.900000            10.0
     834.800000            10.0
     835.900000            10.0
     854.800000            10.0
     855.900000            10.0
     874.800000            10.0
     875.900000            10.0
     894.800000            10.0
     895.900000            10.0
     914.800000            10.0
     915.900000            10.0
     934.800000            10.0
     935.900000            10.0
     954.800000            10.0
     955.900000            10.0
     974.750000            10.0
     975.800000            10.0
     976.850000            10.0
     994.850000            10.0
     996.050000            10.0
      34.100000            11.0
      35.150000            11.0
      36.200000            11.0
      37.250000            11.0
      38.300000            11.0
      54.350000            11.0
      55.400000            11.0
      56.450000            11.0
      74.500000            11.0
      75.550000            11.0
      76.600000            11.0
      94.700000            11.0
      95.750000            11.0
     114.750000            11.0
     115.800000            11.0
     134.800000            11.0
     135.900000            11.0
     154.800000            11.0
     155.850000            11.0
     174.850000            11.0
     176.000000            11.0
     194.850000            11.0
     196.000000            11.0
     214.850000            11.0
     216.000000            11.0
     234.850000            11.0
     236.000000            11.0
     254.850000            11.0
     256.000000            11.0
     274.850000            11.0
     276.000000            11.0
     294.850000            11.0
     296.050000            11.0
     314.850000            11.0
     316.050000            11.0
     334.850000            11.0
     336.050000            11.0
     354.850000            11.0
     356.050000            11.0
     374.850000            11.0
     376.050000            11.0
     394.850000            11.0
     396.050000            11.0
     414.850000            11.0
     416.050000            11.0
     434.850000            11.0
     436.050000            11.0
     454.850000            11.0
     456.050000            11.0
     474.850000            11.0
     476.050000            11.0
     494.850000            11.0
     496.050000            11.0
     514.850000            11.0
     516.050000            11.0
     534.850000            11.0
     536.050000            11.0
     554.850000            11.0
     556.050000            11.0
     574.850000            11.0
     576.050000            11.0
     594.850000            11.0
     596.050000            11.0
     614.850000            11.0
     616.050000            11.0
     634.850000            11.0
     636.050000            11.0
     654.850000            11.0
     656.050000            11.0
     674.850000            11.0
     676.050000            11.0
     694.850000            11.0
     696.050000            11.0
     714.850000            11.0
     716.050000            11.0
     734.850000            11.0
     736.050000            11.0
     754.850000            11.0
     756.050000            11.0
     774.850000            11.0
     776.050000            11.0
     794.850000            11.0
     796.050000            11.0
     814.850000            11.0
     816.050000            11.0
     834.850000            11.0
     836.050000            11.0
     854.850000            11.0
     856.050000            11.0
     874.850000            11.0
     876.050000            11.0
     894.850000            11.0
     896.050000            11.0
     914.850000            11.0
     916.050000            11.0
     934.850000            11.0
     936.050000            11.0
     954.850000            11.0
     956.050000            11.0
     967.400000            11.0
     974.600000            11.0
     976.100000            11.0
     994.900000            11.0
     996.150000            11.0
      34.150000            12.0
      35.200000            12.0
      36.250000            12.0
      37.300000            12.0
      38.350000            12.0
      54.400000            12.0
      55.450000            12.0
      56.500000            12.0
      74.600000            12.0
      75.650000            12.0
      76.850000            12.0
      94.800000            12.0
      95.900000            12.0
     114.800000            12.0
     115.950000            12.0
     134.850000            12.0
     136.000000            12.0
     154.900000            12.0
     156.050000            12.0
     174.900000            12.0
     176.050000            12.0
     194.950000            12.0
     196.200000            12.0
     214.950000            12.0
     216.200000            12.0
     234.950000            12.0
     236.250000            12.0
     254.950000            12.0
     256.200000            12.0
     274.950000            12.0
     276.250000            12.0
     294.950000            12.0
     296.250000            12.0
     314.950000            12.0
     316.250000            12.0
     334.950000            12.0
     336.250000            12.0
     354.950000            12.0
     356.250000            12.0
     374.950000            12.0
     376.250000            12.0
     394.950000            12.0
     396.250000            12.0
     414.950000            12.0
     416.250000            12.0
     434.950000            12.0
     436.250000            12.0
     454.950000            12.0
     456.250000            12.0
     474.950000            12.0
     476.250000            12.0
     494.950000            12.0
     496.250000            12.0
     514.950000            12.0
     516.250000            12.0
     534.950000            12.0
     536.250000            12.0
     554.950000            12.0
     556.250000            12.0
     574.950000            12.0
     576.250000            12.0
     594.950000            12.0
     596.250000            12.0
     614.950000            12.0
     616.250000            12.0
     634.950000            12.0
     636.250000            12.0
     654.950000            12.0
     656.250000            12.0
     674.950000            12.0
     676.250000            12.0
     694.950000            12.0
     696.250000            12.0
     714.950000            12.0
     716.250000            12.0
     734.950000            12.0
     736.250000            12.0
     754.950000            12.0
     756.250000            12.0
     774.950000            12.0
     776.250000            12.0
     794.950000            12.0
     796.250000            12.0
     814.950000            12.0
     816.250000            12.0
     834.950000            12.0
     836.250000            12.0
     854.950000            12.0
     856.250000            12.0
     874.950000            12.0
     876.250000            12.0
     894.950000            12.0
     896.250000            12.0
     914.950000            12.0
     916.250000            12.0
     934.950000            12.0
     936.050000            12.0
     937.350000            12.0
     955.050000            12.0
     956.500000            12.0
     975.000000            12.0
     976.300000            12.0
     994.950000            12.0
     996.250000            12.0
      34.150000            13.0
      35.200000            13.0
      36.250000            13.0
      37.300000            13.0
      38.350000            13.0
      54.450000            13.0
      55.500000            13.0
      56.550000            13.0
      74.650000            13.0
      75.700000            13.0
      94.750000            13.0
      95.800000            13.0
     114.900000            13.0
     116.150000            13.0
     135.000000            13.0
     136.250000            13.0
     155.000000            13.0
     156.300000            13.0
     175.050000            13.0
     176.350000            13.0
     195.050000            13.0
     196.350000            13.0
     215.050000            13.0
     216.400000            13.0
     235.050000            13.0
     236.400000            13.0
     255.050000            13.0
     256.350000            13.0
     275.050000            13.0
     276.450000            13.0
     295.100000            13.0
     296.550000            13.0
     315.100000            13.0
     316.550000            13.0
     335.100000            13.0
     336.550000            13.0
     355.100000            13.0
     356.550000            13.0
     375.100000            13.0
     376.550000            13.0
     395.100000            13.0
     396.550000            13.0
     415.100000            13.0
     416.550000            13.0
     435.100000            13.0
     436.550000            13.0
     455.100000            13.0
     456.550000            13.0
     475.100000            13.0
     476.550000            13.0
     495.100000            13.0
     496.550000            13.0
     515.100000            13.0
     516.550000            13.0
     535.100000            13.0
     536.550000            13.0
     555.100000            13.0
     556.550000            13.0
     575.100000            13.0
     576.550000            13.0
     595.100000            13.0
     596.550000            13.0
     615.100000            13.0
     616.550000            13.0
     635.100000            13.0
     636.550000            13.0
     655.100000            13.0
     656.550000            13.0
     675.100000            13.0
     676.550000            13.0
     695.100000            13.0
     696.550000            13.0
     715.100000            13.0
     716.550000            13.0
     735.100000            13.0
     736.550000            13.0
     755.100000            13.0
     756.550000            13.0
     775.100000            13.0
     776.550000            13.0
     795.100000            13.0
     796.550000            13.0
     815.100000            13.0
     816.550000            13.0
     835.100000            13.0
     836.550000            13.0
     855.100000            13.0
     856.550000            13.0
     875.100000            13.0
     876.550000            13.0
     895.100000            13.0
     896.550000            13.0
     915.100000            13.0
     916.550000            13.0
     926.050000            13.0
     934.900000            13.0
     936.900000            13.0
     955.150000            13.0
     956.650000            13.0
     975.100000            13.0
     976.550000            13.0
     995.100000            13.0
     996.550000            13.0
      34.150000            14.0
      35.200000            14.0
      36.250000            14.0
      37.300000            14.0
      38.550000            14.0
      54.500000            14.0
      55.550000            14.0
      56.650000            14.0
      74.750000            14.0
      75.800000            14.0
      94.850000            14.0
      96.100000            14.0
     115.000000            14.0
     116.300000            14.0
     135.100000            14.0
     136.500000            14.0
     155.150000            14.0
     156.600000            14.0
     175.200000            14.0
     176.800000            14.0
     195.200000            14.0
     196.850000            14.0
     215.250000            14.0
     216.800000            14.0
     235.250000            14.0
     236.800000            14.0
     255.250000            14.0
     256.800000            14.0
     275.250000            14.0
     276.900000            14.0
     295.250000            14.0
     296.950000            14.0
     315.250000            14.0
     316.950000            14.0
     335.250000            14.0
     336.950000            14.0
     355.250000            14.0
     356.950000            14.0
     375.250000            14.0
     376.950000            14.0
     395.250000            14.0
     396.950000            14.0
     415.250000            14.0
     416.950000            14.0
     435.250000            14.0
     436.950000            14.0
     455.250000            14.0
     456.950000            14.0
     475.250000            14.0
     476.950000            14.0
     495.250000            14.0
     496.950000            14.0
     515.250000            14.0
     516.950000            14.0
     535.250000            14.0
     536.950000            14.0
     555.250000            14.0
     556.950000            14.0
     575.250000            14.0
     576.950000            14.0
     595.250000            14.0
     596.950000            14.0
     615.250000            14.0
     616.950000            14.0
     635.250000            14.0
     636.950000            14.0
     655.250000            14.0
     656.950000            14.0
     675.250000            14.0
     676.950000            14.0
     695.250000            14.0
     696.950000            14.0
     715.250000            14.0
     716.950000            14.0
     735.250000            14.0
     736.950000            14.0
     755.250000            14.0
     756.950000            14.0
     775.250000            14.0
     776.950000            14.0
     795.250000            14.0
     796.950000            14.0
     815.250000            14.0
     816.950000            14.0
     835.250000            14.0
     836.950000            14.0
     855.250000            14.0
     856.950000            14.0
     865.550000            14.0
     875.100000            14.0
     895.100000            14.0
     896.650000            14.0
     915.200000            14.0
     916.850000            14.0
     935.250000            14.0
     936.900000            14.0
     955.250000            14.0
     956.950000            14.0
     975.250000            14.0
     976.950000            14.0
     995.250000            14.0
     996.950000            14.0
      34.200000            15.0
      35.250000            15.0
      36.300000            15.0
      37.350000            15.0
      54.500000            15.0
      55.550000            15.0
      56.700000            15.0
      74.850000            15.0
      76.050000            15.0
      95.000000            15.0
      96.350000            15.0
     115.200000            15.0
     116.800000            15.0
     135.350000            15.0
     137.100000            15.0
     155.400000            15.0
     157.400000            15.0
     175.450000            15.0
     195.200000            15.0
     196.950000            15.0
     215.400000            15.0
     217.450000            15.0
     235.450000            15.0
     255.200000            15.0
     256.950000            15.0
     275.400000            15.0
     295.200000            15.0
     296.950000            15.0
     315.400000            15.0
     335.200000            15.0
     336.950000            15.0
     355.400000            15.0
     375.200000            15.0
     376.950000            15.0
     395.400000            15.0
     415.200000            15.0
     416.950000            15.0
     435.400000            15.0
     455.200000            15.0
     456.950000            15.0
     475.400000            15.0
     495.200000            15.0
     496.950000            15.0
     515.400000            15.0
     535.200000            15.0
     536.950000            15.0
     555.400000            15.0
     575.200000            15.0
     576.950000            15.0
     595.400000            15.0
     615.200000            15.0
     616.950000            15.0
     635.400000            15.0
     655.200000            15.0
     656.950000            15.0
     675.400000            15.0
     695.200000            15.0
     696.950000            15.0
     715.400000            15.0
     735.200000            15.0
     736.950000            15.0
     755.400000            15.0
     775.200000            15.0
     776.950000            15.0
     795.400000            15.0
     815.200000            15.0
     816.950000            15.0
     835.400000            15.0
     855.200000            15.0
     856.950000            15.0
     875.400000            15.0
     895.200000            15.0
     896.950000            15.0
     915.300000            15.0
     916.350000            15.0
     935.300000            15.0
     955.200000            15.0
     956.950000            15.0
     975.400000            15.0
     995.200000            15.0
     996.950000            15.0
      34.250000            16.0
      35.300000            16.0
      36.350000            16.0
      37.400000            16.0
      54.600000            16.0
      55.650000            16.0
      74.900000            16.0
      76.200000            16.0
      95.200000            16.0
      96.800000            16.0
     115.450000            16.0
     135.350000            16.0
     137.250000            16.0
     155.650000            16.0
     175.400000            16.0
     177.750000            16.0
     195.700000            16.0
     215.450000            16.0
     235.400000            16.0
     237.650000            16.0
     255.700000            16.0
     275.450000            16.0
     295.400000            16.0
     315.400000            16.0
     335.400000            16.0
     355.400000            16.0
     375.400000            16.0
     395.400000            16.0
     415.400000            16.0
     435.400000            16.0
     455.400000            16.0
     475.400000            16.0
     495.400000            16.0
     515.400000            16.0
     535.400000            16.0
     555.400000            16.0
     575.400000            16.0
     595.400000            16.0
     615.400000            16.0
     635.400000            16.0
     655.400000            16.0
     675.400000            16.0
     695.400000            16.0
     715.400000            16.0
     735.400000            16.0
     755.400000            16.0
     775.400000            16.0
     795.400000            16.0
     815.400000            16.0
     835.400000            16.0
     855.400000            16.0
     862.750000            16.0
     864.800000            16.0
     876.000000            16.0
     895.650000            16.0
     915.450000            16.0
     932.000000            16.0
     933.650000            16.0
     936.750000            16.0
     955.800000            16.0
     975.500000            16.0
     995.400000            16.0
      34.300000            17.0
      35.350000            17.0
      36.400000            17.0
      37.450000            17.0
      54.750000            17.0
      55.950000            17.0
      75.100000            17.0
      76.650000            17.0
      95.500000            17.0
     115.500000            17.0
     135.550000            17.0
     155.650000            17.0
     175.700000            17.0
     195.750000            17.0
     215.700000            17.0
     235.750000            17.0
     255.750000            17.0
     275.750000            17.0
     295.750000            17.0
     315.750000            17.0
     335.750000            17.0
     355.750000            17.0
     375.750000            17.0
     395.750000            17.0
     415.750000            17.0
     435.750000            17.0
     455.750000            17.0
     475.750000            17.0
     495.750000            17.0
     515.750000            17.0
     535.750000            17.0
     555.750000            17.0
     575.750000            17.0
     595.750000            17.0
     615.750000            17.0
     635.750000            17.0
     655.750000            17.0
     675.750000            17.0
     695.750000            17.0
     715.750000            17.0
     735.750000            17.0
     755.750000            17.0
     775.750000            17.0
     795.750000            17.0
     815.750000            17.0
     835.750000            17.0
     855.750000            17.0
     875.750000            17.0
     895.750000            17.0
     915.750000            17.0
     935.750000            17.0
     955.750000            17.0
     975.750000            17.0
     991.400000            17.0
     993.100000            17.0
      34.350000            18.0
      35.400000            18.0
      36.450000            18.0
      54.850000            18.0
      56.150000            18.0
      75.350000            18.0
      95.550000            18.0
     115.800000            18.0
     136.050000            18.0
     156.150000            18.0
     176.200000            18.0
     196.250000            18.0
     216.250000            18.0
     236.250000            18.0
     256.250000            18.0
     276.300000            18.0
     296.300000            18.0
     316.300000            18.0
     336.300000            18.0
     356.300000            18.0
     376.300000            18.0
     396.300000            18.0
     416.300000            18.0
     436.300000            18.0
     456.300000            18.0
     476.300000            18.0
     496.300000            18.0
     516.300000            18.0
     536.300000            18.0
     556.300000            18.0
     576.300000            18.0
     596.300000            18.0
     616.300000            18.0
     636.300000            18.0
     656.300000            18.0
     676.300000            18.0
     696.300000            18.0
     716.300000            18.0
     736.300000            18.0
     756.300000            18.0
     776.300000            18.0
     796.300000            18.0
     816.300000            18.0
     836.300000            18.0
     856.300000            18.0
     876.300000            18.0
     896.300000            18.0
     916.300000            18.0
     936.300000            18.0
     954.250000            18.0
     955.450000            18.0
     976.500000            18.0
     996.400000            18.0
      34.450000            19.0
      35.500000            19.0
      36.550000            19.0
      55.100000            19.0
      56.750000            19.0
      75.750000            19.0
      96.050000            19.0
     116.450000            19.0
     136.750000            19.0
     156.950000            19.0
     177.100000            19.0
     197.150000            19.0
     217.150000            19.0
     237.150000            19.0
     257.150000            19.0
     277.200000            19.0
     297.250000            19.0
     317.250000            19.0
     337.250000            19.0
     357.250000            19.0
     377.250000            19.0
     397.250000            19.0
     417.250000            19.0
     437.250000            19.0
     457.250000            19.0
     477.250000            19.0
     497.250000            19.0
     517.250000            19.0
     537.250000            19.0
     557.250000            19.0
     577.250000            19.0
     597.250000            19.0
     617.250000            19.0
     637.250000            19.0
     657.250000            19.0
     677.250000            19.0
     697.250000            19.0
     717.250000            19.0
     737.250000            19.0
     757.250000            19.0
     777.250000            19.0
     797.250000            19.0
     817.250000            19.0
     837.250000            19.0
     857.250000            19.0
     877.250000            19.0
     897.250000            19.0
     917.250000            19.0
     937.250000            19.0
     957.250000            19.0
     977.250000            19.0
     994.300000            19.0
     995.550000            19.0
      34.550000            20.0
      35.600000            20.0
      36.850000            20.0
      55.450000            20.0
      75.950000            20.0
      96.750000            20.0
     117.800000            20.0
     157.750000            20.0
     198.350000            20.0
     258.250000            20.0
     318.300000            20.0
     378.300000            20.0
     438.300000            20.0
     498.300000            20.0
     558.300000            20.0
     618.300000            20.0
     678.300000            20.0
     738.300000            20.0
     798.300000            20.0
     858.300000            20.0
     918.300000            20.0
     940.200000            20.0
     941.700000            20.0
     998.400000            20.0
      34.750000            21.0
      35.850000            21.0
      55.700000            21.0
      76.650000            21.0
     956.750000            21.0
     958.050000            21.0
      35.000000            22.0
      36.400000            22.0
      56.500000            22.0
     962.100000            22.0
     963.500000            22.0
      35.450000            23.0
      38.000000            23.0
      36.150000            24.0
     884.800000            24.0
     886.200000            24.0
      38.000000            25.0
     965.600000            25.0
     967.000000            25.0
     987.800000            26.0
     989.200000            26.0
     993.650000            27.0
     995.050000            27.0
     959.650000            28.0
     961.050000            28.0
     970.400000            29.0
     971.800000            29.0
     973.950000            30.0
     975.350000            30.0
     998.550000            31.0
     999.950000            31.0
     915.900000            32.0
     917.300000            32.0
     983.000000            33.0
     984.400000            33.0
     946.250000            35.0
     947.650000            35.0
     987.500000            36.0
     988.900000            36.0
     936.100000            37.0
     937.500000            37.0
     930.200000            38.0
     931.600000            38.0
     936.350000            39.0
     937.750000            39.0
     960.650000            40.0
     962.050000            40.0
     990.350000            41.0
     991.750000            41.0
     939.500000            42.0
     940.900000            42.0
     979.100000            43.0
     980.500000            43.0
     983.000000            44.0
     984.400000            44.0
     983.400000            45.0
     984.800000            45.0
     930.000000            46.0
     931.400000            46.0
     946.500000            47.0
     947.900000            47.0
     944.000000            48.0
     945.400000            48.0
     950.850000            49.0
     952.250000            49.0
     999.400000            50.0
     993.100000            51.0
     994.500000            51.0
     952.150000            52.0
     953.550000            52.0
     983.250000            53.0
     984.650000            53.0
     953.000000            54.0
     954.400000            54.0
     979.150000            55.0
     980.550000            55.0
     910.100000            56.0
     911.500000            56.0
     925.000000            57.0
     926.400000            57.0
     879.700000            58.0
     881.100000            58.0
     952.250000            59.0
     953.650000            59.0
     990.950000            60.0
     992.350000            60.0
     974.850000            61.0
     976.250000            61.0
     971.200000            62.0
     972.600000            62.0
     849.100000            63.0
     850.500000            63.0
     994.950000            63.0
     996.350000            63.0
     913.000000            64.0
     914.400000            64.0
     999.300000            65.0
     997.100000            66.0
     998.500000            66.0
     885.800000            68.0
     887.200000            68.0
     984.400000            68.0
     985.800000            68.0
     974.350000            69.0
     975.750000            69.0
     934.050000            70.0
     935.450000            70.0
     922.200000            71.0
     923.600000            71.0
     991.400000            72.0
     992.800000            72.0
     971.250000            73.0
     972.650000            73.0
     998.400000            75.0
     999.800000            75.0
     957.400000            76.0
     958.800000            76.0
     997.450000            77.0
     998.850000            77.0
     996.500000            78.0
     997.900000            78.0
     985.250000            79.0
     986.650000            79.0
     982.400000            80.0
     983.800000            80.0
     966.050000            81.0
     967.450000            81.0
     997.550000            82.0
     998.950000            82.0
     970.900000            83.0
     972.300000            83.0
     973.900000            84.0
     975.300000            84.0
     979.300000            86.0
     980.700000            86.0
     956.300000            87.0
     957.700000            87.0
     981.450000            88.0
     982.850000            88.0
     995.850000            89.0
     997.250000            89.0
     987.700000            90.0
     989.100000            90.0
     964.600000            91.0
     966.000000            91.0
     953.950000            92.0
     955.350000            92.0
     970.450000            93.0
     971.850000            93.0
     989.700000            94.0
     991.100000            94.0
     921.550000            95.0
     922.950000            95.0
     914.700000            96.0
     916.100000            96.0
     948.750000            97.0
     950.150000            97.0
     946.350000            98.0
     947.750000            98.0
     957.600000            99.0
     959.000000            99.0
     973.800000           100.0
     975.200000           100.0
     969.150000           101.0
     970.550000           101.0
     987.650000           102.0
     989.050000           102.0
     970.800000           103.0
     972.200000           103.0
     912.150000           104.0
     913.550000           104.0
     983.850000           105.0
     985.250000           105.0
     998.550000           106.0
     999.950000           106.0
     934.150000           107.0
     935.550000           107.0
     962.000000           108.0
     963.400000           108.0
     951.750000           109.0
     953.150000           109.0
     947.400000           110.0
     948.800000           110.0
     968.600000           111.0
     970.000000           111.0
     970.500000           112.0
     971.900000           112.0
     966.350000           113.0
     967.750000           113.0
     911.600000           114.0
     913.000000           114.0
     891.650000           115.0
     893.050000           115.0
     937.700000           116.0
     939.100000           116.0
     905.250000           117.0
     906.650000           117.0
     965.400000           117.0
     966.850000           117.0
     983.350000           118.0
     984.750000           118.0
     985.700000           120.0
     987.100000           120.0
     922.050000           121.0
     923.450000           121.0
     966.550000           122.0
     967.950000           122.0
     987.900000           123.0
     989.300000           123.0
     974.150000           124.0
     975.550000           124.0
     924.550000           125.0
     925.950000           125.0
     966.350000           126.0
     967.750000           126.0
     986.250000           127.0
     987.650000           127.0
     911.100000           128.0
     912.500000           128.0
     993.700000           128.0
     995.100000           128.0
     949.350000           129.0
     950.750000           129.0
     949.250000           130.0
     950.650000           130.0
     990.550000           131.0
     991.950000           131.0
     976.750000           132.0
     978.150000           132.0
     995.450000           133.0
     996.850000           133.0
     987.900000           134.0
     989.300000           134.0
     951.400000           135.0
     952.800000           135.0
     990.700000           136.0
     992.100000           136.0
     953.400000           137.0
     954.800000           137.0
     904.900000           138.0
     906.300000           138.0
     912.150000           139.0
     913.550000           139.0
     929.300000           140.0
     930.700000           140.0
     982.450000           142.0
     983.850000           142.0
     946.250000           143.0
     947.650000           143.0
     955.050000           144.0
     956.450000           144.0
     941.400000           145.0
     942.800000           145.0
     958.700000           146.0
     960.100000           146.0
     908.850000           147.0
     910.250000           147.0
     935.350000           148.0
     936.750000           148.0
     904.400000           149.0
     905.800000           149.0
     959.950000           150.0
     961.350000           150.0
     876.600000           151.0
     878.000000           151.0
     902.550000           152.0
     903.950000           152.0
     975.200000           152.0
     976.600000           152.0
     942.700000           153.0
     944.100000           153.0
     977.450000           154.0
     978.850000           154.0
     993.450000           155.0
     994.850000           155.0
     905.450000           156.0
     906.850000           156.0
     942.500000           157.0
     943.900000           157.0
     982.950000           158.0
     984.350000           158.0
     977.750000           159.0
     979.150000           159.0
     977.750000           160.0
     979.150000           160.0
     924.500000           161.0
     925.900000           161.0
     860.650000           162.0
     862.050000           162.0
     941.650000           163.0
     943.050000           163.0
     911.550000           164.0
     912.950000           164.0
     953.000000           165.0
     954.400000           165.0
     966.650000           166.0
     968.050000           166.0
     959.000000           167.0
     960.400000           167.0
     960.400000           169.0
     961.800000           169.0
     968.750000           170.0
     970.150000           170.0
     984.250000           171.0
     985.650000           171.0
     961.850000           172.0
     963.250000           172.0
     932.950000           173.0
     934.350000           173.0
     961.950000           174.0
     963.350000           174.0
     965.550000           175.0
     966.950000           175.0
     965.800000           176.0
     967.200000           176.0
     936.700000           177.0
     938.100000           177.0
     879.750000           178.0
     881.150000           178.0
     953.350000           179.0
     954.750000           179.0
     938.750000           180.0
     940.150000           180.0
     928.600000           181.0
     930.000000           181.0
     904.650000           183.0
     906.050000           183.0
     983.750000           184.0
     985.150000           184.0
     917.050000           185.0
     918.450000           185.0
     951.500000           186.0
     952.900000           186.0
     918.200000           187.0
     919.600000           187.0
     975.900000           188.0
     977.300000           188.0
     988.700000           189.0
     990.100000           189.0
     988.700000           190.0
     990.100000           190.0
     908.950000           191.0
     910.350000           191.0
     941.250000           192.0
     942.650000           192.0
     975.350000           193.0
     976.750000           193.0
     994.850000           194.0
     996.250000           194.0
     914.700000           195.0
     916.100000           195.0
     998.200000           196.0
     999.600000           196.0
     984.300000           197.0
     985.700000           197.0
     925.700000           198.0
     927.100000           198.0
     968.250000           199.0
     969.650000           199.0
     959.850000           200.0
     961.250000           200.0
     935.500000           201.0
     936.900000           201.0
     952.200000           203.0
     953.600000           203.0
     935.350000           204.0
     936.750000           204.0
     960.000000           205.0
     961.400000           205.0
     995.300000           206.0
     996.700000           206.0
     906.500000           207.0
     907.900000           207.0
     978.650000           208.0
     980.050000           208.0
     996.600000           209.0
     998.000000           209.0
     999.600000           210.0
     914.550000           211.0
     915.950000           211.0
     929.500000           212.0
     930.900000           212.0
     942.000000           213.0
     943.400000           213.0
     924.050000           214.0
     925.450000           214.0
     912.350000           215.0
     913.750000           215.0
     996.550000           215.0
     997.950000           215.0
     977.950000           216.0
     979.350000           216.0
     942.550000           217.0
     943.950000           217.0
     912.550000           218.0
     913.950000           218.0
     960.000000           219.0
     961.400000           219.0
     953.200000           220.0
     954.600000           220.0
     951.200000           221.0
     952.600000           221.0
     972.400000           222.0
     973.800000           222.0
     987.550000           223.0
     988.950000           223.0
     970.100000           224.0
     971.500000           224.0
     950.200000           225.0
     951.600000           225.0
     957.200000           226.0
     958.600000           226.0
     915.750000           227.0
     917.150000           227.0
     961.750000           228.0
     963.150000           228.0
     930.900000           229.0
     932.300000           229.0
     991.100000           230.0
     992.500000           230.0
     894.550000           231.0
     895.950000           231.0
     996.200000           231.0
     997.600000           231.0
     979.950000           232.0
     981.350000           232.0
     984.900000           233.0
     986.300000           233.0
     973.650000           234.0
     975.050000           234.0
     958.550000           235.0
     959.950000           235.0
     926.200000           236.0
     927.600000           236.0
     953.700000           237.0
     955.100000           237.0
     974.300000           238.0
     975.700000           238.0
     991.900000           239.0
     993.300000           239.0
     950.950000           240.0
     952.350000           240.0
     995.550000           241.0
     996.950000           241.0
     978.650000           242.0
     980.050000           242.0
     928.000000           243.0
     929.400000           243.0
     997.450000           244.0
     998.850000           244.0
     974.750000           245.0
     976.150000           245.0
     902.900000           246.0
     904.300000           246.0
     942.350000           247.0
     943.750000           247.0
     997.700000           248.0
     999.100000           248.0
     999.050000           249.0
     950.450000           250.0
     951.850000           250.0
     932.250000           251.0
     933.650000           251.0
     947.550000           252.0
     948.950000           252.0
     949.800000           253.0
     951.200000           253.0
     982.950000           254.0
     984.350000           254.0
     917.700000           255.0
     919.100000           255.0
     982.950000           256.0
     984.350000           256.0
     986.350000           257.0
     987.750000           257.0
     927.000000           258.0
     928.400000           258.0
     957.600000           259.0
     959.000000           259.0
     902.700000           260.0
     904.100000           260.0
     966.550000           260.0
     967.950000           260.0
     925.000000           261.0
     926.400000           261.0
     950.800000           262.0
     952.200000           262.0
     968.450000           263.0
     969.850000           263.0
     917.500000           264.0
     918.900000           264.0
     973.550000           265.0
     974.950000           265.0
     949.350000           266.0
     950.750000           266.0
     985.600000           267.0
     987.000000           267.0
     911.950000           268.0
     913.350000           268.0
     993.400000           269.0
     994.800000           269.0
     951.850000           270.0
     953.250000           270.0
     910.800000           271.0
     912.200000           271.0
     876.850000           272.0
     878.250000           272.0
     945.450000           273.0
     946.850000           273.0
     997.600000           274.0
     999.000000           274.0
     973.600000           275.0
     975.000000           275.0
     953.550000           276.0
     954.950000           276.0
     975.300000           277.0
     976.700000           277.0
     986.750000           278.0
     988.150000           278.0
     857.850000           279.0
     859.250000           279.0
     923.550000           279.0
     924.950000           279.0
     986.950000           280.0
     988.350000           280.0
     941.750000           281.0
     943.150000           281.0
     944.750000           282.0
     946.150000           282.0
     990.500000           283.0
     991.900000           283.0
     990.200000           284.0
     991.600000           284.0
     975.750000           286.0
     977.150000           286.0
     987.100000           287.0
     988.500000           287.0
     968.900000           288.0
     970.300000           288.0
     982.650000           289.0
     984.050000           289.0
     982.500000           290.0
     983.900000           290.0
     937.000000           291.0
     938.400000           291.0
     991.050000           292.0
     992.450000           292.0
     910.950000           293.0
     912.350000           293.0
     924.750000           294.0
     926.150000           294.0
     986.150000           295.0
     987.550000           295.0
     961.550000           296.0
     962.950000           296.0
     931.500000           297.0
     932.900000           297.0
     942.350000           298.0
     943.750000           298.0
     924.750000           299.0
     926.150000           299.0
     945.300000           300.0
     946.700000           300.0
