      45.800000             1.0            0.00
     251.750000             1.0            0.00
     402.450000             1.0            0.00
     596.850000             1.0            0.00
     773.100000             1.0            0.00
     958.700000             1.0            0.00
     270.000000             2.0            0.00
     372.400000             2.0            0.00
     485.350000             2.0            0.00
     618.050000             2.0            0.00
     709.500000             2.0            0.00
     870.300000             2.0            0.00
     187.400000             3.0            0.00
     327.600000             3.0            0.00
     570.700000             3.0            0.00
     680.500000             3.0            0.00
     869.150000             3.0            0.00
      25.450000             4.0            0.00
     243.750000             4.0            0.00
     296.300000             4.0            0.00
     388.600000             4.0            0.00
     583.050000             4.0            0.00
     729.000000             4.0            0.00
     963.200000             4.0            0.00
      46.450000             5.0            0.00
     295.550000             5.0            0.00
     447.050000             5.0            0.00
     565.350000             5.0            0.00
     689.100000             5.0            0.00
     865.000000             5.0            0.00
      54.000000             6.0            0.00
     191.600000             6.0            0.00
     231.050000             6.0            0.00
     383.200000             6.0            0.00
     525.900000             6.0            0.00
     789.650000             6.0            0.00
     876.750000             6.0            0.00
      88.900000             7.0            0.00
     244.600000             7.0            0.00
     396.350000             7.0            0.00
     504.200000             7.0            0.00
     686.800000             7.0            0.00
     811.400000             7.0            0.00
     919.900000             7.0            0.00
      91.150000             8.0            0.00
     341.700000             8.0            0.00
     488.250000             8.0            0.00
     634.550000             8.0            0.00
     782.150000             8.0            0.00
     946.500000             8.0            0.00
       6.750000             9.0            0.00
     195.700000             9.0            0.00
     330.800000             9.0            0.00
     473.250000             9.0            0.00
     567.400000             9.0            0.00
     647.900000             9.0            0.00
     919.150000             9.0            0.00
     258.050000            10.0            0.00
     380.150000            10.0            0.00
     471.300000            10.0            0.00
     645.500000            10.0            0.00
     759.850000            10.0            0.00
     905.050000            10.0            0.00
      13.900000            11.0            0.00
     167.250000            11.0            0.00
     422.850000            11.0            0.00
     487.300000            11.0            0.00
     717.550000            11.0            0.00
     835.900000            11.0            0.00
     997.350000            11.0            0.00
       8.100000            12.0            0.00
     194.500000            12.0            0.00
     351.000000            12.0            0.00
     433.200000            12.0            0.00
     542.350000            12.0            0.00
     710.250000            12.0            0.00
     947.800000            12.0            0.00
      80.500000            13.0            0.00
     253.950000            13.0            0.00
     421.300000            13.0            0.00
     496.700000            13.0            0.00
     609.550000            13.0            0.00
     831.050000            13.0            0.00
     964.050000            13.0            0.00
     115.150000            14.0            0.00
     259.450000            14.0            0.00
     444.700000            14.0            0.00
     572.500000            14.0            0.00
     638.600000            14.0            0.00
     788.400000            14.0            0.00
     964.800000            14.0            0.00
     133.650000            15.0            0.00
     292.550000            15.0            0.00
     405.950000            15.0            0.00
     533.600000            15.0            0.00
     669.000000            15.0            0.00
     793.450000            15.0            0.00
     954.550000            15.0            0.00
      72.700000            16.0            0.00
     230.350000            16.0            0.00
     390.900000            16.0            0.00
     648.400000            16.0            0.00
     760.850000            16.0            0.00
     887.050000            16.0            0.00
      56.400000            17.0            0.00
     175.350000            17.0            0.00
     338.950000            17.0            0.00
     424.300000            17.0            0.00
     610.550000            17.0            0.00
     726.050000            17.0            0.00
     790.850000            17.0            0.00
     905.550000            17.0            0.00
     173.050000            18.0            0.00
     271.950000            18.0            0.00
     529.650000            18.0            0.00
     711.200000            18.0            0.00
     874.650000            18.0            0.00
      24.450000            19.0            0.00
     129.100000            19.0            0.00
     275.800000            19.0            0.00
     407.950000            19.0            0.00
     617.450000            19.0            0.00
     738.700000            19.0            0.00
     863.700000            19.0            0.00
     961.400000            19.0            0.00
      83.300000            20.0            0.00
     208.000000            20.0            0.00
     311.750000            20.0            0.00
     521.700000            20.0            0.00
     708.950000            20.0            0.00
     861.600000            20.0            0.00
     135.650000            21.0            0.00
     252.250000            21.0            0.00
     393.950000            21.0            0.00
     521.200000            21.0            0.00
     644.500000            21.0            0.00
     791.900000            21.0            0.00
     896.000000            21.0            0.00
     118.450000            22.0            0.00
     384.350000            22.0            0.00
     491.050000            22.0            0.00
     738.350000            22.0            0.00
     928.150000            22.0            0.00
     205.700000            23.0            0.00
     320.300000            23.0            0.00
     486.400000            23.0            0.00
     574.550000            23.0            0.00
     877.700000            23.0            0.00
     286.700000            24.0            0.00
     435.650000            24.0            0.00
     557.000000            24.0            0.00
     723.300000            24.0            0.00
     872.250000            24.0            0.00
     953.650000            24.0            0.00
       1.250000            25.0            0.00
     115.900000            25.0            0.00
     274.700000            25.0            0.00
     365.200000            25.0            0.00
     473.300000            25.0            0.00
     572.950000            25.0            0.00
     701.500000            25.0            0.00
     818.950000            25.0            0.00
     949.600000            25.0            0.00
     178.700000            26.0            0.00
     338.500000            26.0            0.00
     447.800000            26.0            0.00
     532.300000            26.0            0.00
     722.400000            26.0            0.00
     880.050000            26.0            0.00
     118.900000            27.0            0.00
     203.300000            27.0            0.00
     309.550000            27.0            0.00
     473.400000            27.0            0.00
     598.850000            27.0            0.00
     760.800000            27.0            0.00
     963.900000            27.0            0.00
     142.600000            28.0            0.00
     274.150000            28.0            0.00
     436.950000            28.0            0.00
     816.300000            28.0            0.00
     905.200000            28.0            0.00
      11.850000            29.0            0.00
     162.300000            29.0            0.00
     332.500000            29.0            0.00
     437.250000            29.0            0.00
     519.600000            29.0            0.00
     697.550000            29.0            0.00
     805.700000            29.0            0.00
     905.900000            29.0            0.00
      69.850000            30.0            0.00
     222.300000            30.0            0.00
     427.600000            30.0            0.00
     559.100000            30.0            0.00
     671.850000            30.0            0.00
     872.300000            30.0            0.00
     955.000000            30.0            0.00
     130.550000            31.0            0.00
     237.100000            31.0            0.00
     354.550000            31.0            0.00
     508.000000            31.0            0.00
     729.650000            31.0            0.00
     818.350000            31.0            0.00
     905.950000            31.0            0.00
     216.050000            32.0            0.00
     359.000000            32.0            0.00
     525.700000            32.0            0.00
     678.300000            32.0            0.00
     841.900000            32.0            0.00
      31.350000            33.0            0.00
     153.800000            33.0            0.00
     292.300000            33.0            0.00
     395.600000            33.0            0.00
     545.800000            33.0            0.00
     734.550000            33.0            0.00
     844.400000            33.0            0.00
     974.350000            33.0            0.00
     411.200000            34.0            0.00
     551.450000            34.0            0.00
     664.600000            34.0            0.00
     925.750000            34.0            0.00
      17.800000            35.0            0.00
     258.750000            35.0            0.00
     381.550000            35.0            0.00
     559.450000            35.0            0.00
     746.350000            35.0            0.00
     916.650000            35.0            0.00
      46.200000            36.0            0.00
     137.300000            36.0            0.00
     317.050000            36.0            0.00
     421.100000            36.0            0.00
     534.200000            36.0            0.00
     663.950000            36.0            0.00
     770.900000            36.0            0.00
     868.600000            36.0            0.00
       5.850000            37.0            0.00
     129.050000            37.0            0.00
     321.050000            37.0            0.00
     412.200000            37.0            0.00
     564.750000            37.0            0.00
     722.250000            37.0            0.00
     822.200000            37.0            0.00
     925.900000            37.0            0.00
     146.250000            38.0            0.00
     294.450000            38.0            0.00
     478.350000            38.0            0.00
     633.700000            38.0            0.00
     714.650000            38.0            0.00
     880.800000            38.0            0.00
     980.000000            38.0            0.00
       8.050000            39.0            0.00
     175.100000            39.0            0.00
     276.200000            39.0            0.00
     381.700000            39.0            0.00
     475.250000            39.0            0.00
     609.550000            39.0            0.00
     716.050000            39.0            0.00
     933.700000            39.0            0.00
      90.350000            40.0            0.00
     204.950000            40.0            0.00
     343.250000            40.0            0.00
     444.600000            40.0            0.00
     499.450000            40.0            0.00
     593.850000            40.0            0.00
     738.400000            40.0            0.00
     858.650000            40.0            0.00
     532.600000            41.0            0.00
     702.600000            41.0            0.00
     834.500000            41.0            0.00
     976.050000            41.0            0.00
     277.550000            42.0            0.00
     383.450000            42.0            0.00
     521.800000            42.0            0.00
     660.700000            42.0            0.00
     805.100000            42.0            0.00
     905.050000            42.0            0.00
     993.500000            42.0            0.00
     291.500000            43.0            0.00
     459.300000            43.0            0.00
     572.450000            43.0            0.00
     718.550000            43.0            0.00
     865.600000            43.0            0.00
     991.550000            43.0            0.00
     351.150000            44.0            0.00
     498.750000            44.0            0.00
     627.600000            44.0            0.00
     737.600000            44.0            0.00
     995.850000            44.0            0.00
     174.750000            45.0            0.00
     394.700000            45.0            0.00
     509.850000            45.0            0.00
     713.350000            45.0            0.00
     893.150000            45.0            0.00
     984.950000            45.0            0.00
     435.350000            46.0            0.00
     681.800000            46.0            0.00
     802.500000            46.0            0.00
     945.300000            46.0            0.00
     115.650000            47.0            0.00
     181.750000            47.0            0.00
     357.850000            47.0            0.00
     479.800000            47.0            0.00
     585.800000            47.0            0.00
     696.050000            47.0            0.00
     807.050000            47.0            0.00
     975.350000            47.0            0.00
     121.150000            48.0            0.00
     271.200000            48.0            0.00
     358.000000            48.0            0.00
     511.900000            48.0            0.00
     696.450000            48.0            0.00
     815.800000            48.0            0.00
     985.450000            48.0            0.00
     141.200000            49.0            0.00
     279.050000            49.0            0.00
     448.100000            49.0            0.00
     590.650000            49.0            0.00
     748.550000            49.0            0.00
     826.800000            49.0            0.00
     919.350000            49.0            0.00
     247.050000            50.0            0.00
     367.450000            50.0            0.00
     490.350000            50.0            0.00
     561.750000            50.0            0.00
     743.200000            50.0            0.00
     890.950000            50.0            0.00
       0.800000            51.0            0.00
     167.650000            51.0            0.00
     346.200000            51.0            0.00
     603.350000            51.0            0.00
     701.000000            51.0            0.00
     837.500000            51.0            0.00
     982.250000            51.0            0.00
      55.100000            52.0            0.00
     256.200000            52.0            0.00
     367.700000            52.0            0.00
     570.100000            52.0            0.00
     662.000000            52.0            0.00
     832.450000            52.0            0.00
     950.350000            52.0            0.00
     263.400000            53.0            0.00
     398.200000            53.0            0.00
     540.350000            53.0            0.00
     613.700000            53.0            0.00
     876.050000            53.0            0.00
     991.300000            53.0            0.00
     208.850000            54.0            0.00
     329.950000            54.0            0.00
     467.350000            54.0            0.00
     634.150000            54.0            0.00
     756.550000            54.0            0.00
     922.950000            54.0            0.00
      70.300000            55.0            0.00
     231.700000            55.0            0.00
     460.500000            55.0            0.00
     629.000000            55.0            0.00
     796.050000            55.0            0.00
     908.950000            55.0            0.00
      39.450000            56.0            0.00
     165.450000            56.0            0.00
     437.050000            56.0            0.00
     493.850000            56.0            0.00
     612.100000            56.0            0.00
     749.350000            56.0            0.00
     938.750000            56.0            0.00
     100.450000            57.0            0.00
     221.500000            57.0            0.00
     331.650000            57.0            0.00
     442.300000            57.0            0.00
     502.400000            57.0            0.00
     632.150000            57.0            0.00
     762.450000            57.0            0.00
     904.650000            57.0            0.00
     416.450000            58.0            0.00
     520.950000            58.0            0.00
     614.600000            58.0            0.00
     751.450000            58.0            0.00
     812.100000            58.0            0.00
     921.850000            58.0            0.00
     405.450000            59.0            0.00
     560.300000            59.0            0.00
     694.050000            59.0            0.00
     924.850000            59.0            0.00
      45.850000            60.0            0.00
     234.400000            60.0            0.00
     397.600000            60.0            0.00
     486.450000            60.0            0.00
     590.700000            60.0            0.00
     767.150000            60.0            0.00
     939.200000            60.0            0.00
     130.800000            61.0            0.00
     338.900000            61.0            0.00
     478.650000            61.0            0.00
     640.200000            61.0            0.00
     807.550000            61.0            0.00
     153.950000            62.0            0.00
     315.300000            62.0            0.00
     467.250000            62.0            0.00
     612.000000            62.0            0.00
     728.100000            62.0            0.00
     884.450000            62.0            0.00
     160.700000            63.0            0.00
     366.500000            63.0            0.00
     510.150000            63.0            0.00
     617.250000            63.0            0.00
     790.500000            63.0            0.00
     999.750000            63.0            0.00
      58.950000            64.0            0.00
     172.850000            64.0            0.00
     310.900000            64.0            0.00
     512.250000            64.0            0.00
     694.650000            64.0            0.00
     790.700000            64.0            0.00
     957.300000            64.0            0.00
      68.950000            65.0            0.00
     284.500000            65.0            0.00
     430.600000            65.0            0.00
     544.550000            65.0            0.00
     758.100000            65.0            0.00
     920.050000            65.0            0.00
     102.450000            66.0            0.00
     261.800000            66.0            0.00
     388.700000            66.0            0.00
     509.300000            66.0            0.00
     585.600000            66.0            0.00
     736.350000            66.0            0.00
     867.950000            66.0            0.00
     967.950000            66.0            0.00
     216.200000            67.0            0.00
     442.450000            67.0            0.00
     587.350000            67.0            0.00
     712.600000            67.0            0.00
     950.500000            67.0            0.00
     104.600000            68.0            0.00
     217.300000            68.0            0.00
     320.550000            68.0            0.00
     549.000000            68.0            0.00
     679.900000            68.0            0.00
     783.000000            68.0            0.00
     937.400000            68.0            0.00
     161.850000            69.0            0.00
     385.050000            69.0            0.00
     518.450000            69.0            0.00
     652.650000            69.0            0.00
     705.750000            69.0            0.00
     799.600000            69.0            0.00
     970.750000            69.0            0.00
     150.100000            70.0            0.00
     289.900000            70.0            0.00
     411.400000            70.0            0.00
     544.500000            70.0            0.00
     766.950000            70.0            0.00
     880.750000            70.0            0.00
      60.350000            71.0            0.00
     231.500000            71.0            0.00
     356.050000            71.0            0.00
     482.200000            71.0            0.00
     579.600000            71.0            0.00
     738.050000            71.0            0.00
     965.700000            71.0            0.00
     343.050000            72.0            0.00
     500.250000            72.0            0.00
     649.800000            72.0            0.00
     776.550000            72.0            0.00
     955.250000            72.0            0.00
     241.450000            73.0            0.00
     341.000000            73.0            0.00
     528.500000            73.0            0.00
     625.750000            73.0            0.00
     839.850000            73.0            0.00
       8.300000            74.0            0.00
     134.150000            74.0            0.00
     287.950000            74.0            0.00
     425.650000            74.0            0.00
     512.300000            74.0            0.00
     664.750000            74.0            0.00
     845.750000            74.0            0.00
       6.400000            75.0            0.00
     196.600000            75.0            0.00
     294.550000            75.0            0.00
     471.200000            75.0            0.00
     664.250000            75.0            0.00
     775.950000            75.0            0.00
     856.400000            75.0            0.00
     963.200000            75.0            0.00
      90.900000            76.0            0.00
     265.050000            76.0            0.00
     465.250000            76.0            0.00
     582.250000            76.0            0.00
     751.000000            76.0            0.00
     926.300000            76.0            0.00
     129.850000            77.0            0.00
     219.250000            77.0            0.00
     446.250000            77.0            0.00
     593.000000            77.0            0.00
     767.900000            77.0            0.00
     917.700000            77.0            0.00
     378.400000            78.0            0.00
     520.200000            78.0            0.00
     713.050000            78.0            0.00
     830.650000            78.0            0.00
     293.450000            79.0            0.00
     487.750000            79.0            0.00
     665.950000            79.0            0.00
     799.700000            79.0            0.00
     977.600000            79.0            0.00
     103.950000            80.0            0.00
     221.050000            80.0            0.00
     444.050000            80.0            0.00
     539.400000            80.0            0.00
     662.550000            80.0            0.00
     882.300000            80.0            0.00
     230.300000            81.0            0.00
     338.850000            81.0            0.00
     527.550000            81.0            0.00
     678.850000            81.0            0.00
     766.800000            81.0            0.00
     948.400000            81.0            0.00
     157.350000            82.0            0.00
     242.250000            82.0            0.00
     376.600000            82.0            0.00
     446.650000            82.0            0.00
     551.300000            82.0            0.00
     671.700000            82.0            0.00
     789.100000            82.0            0.00
     961.100000            82.0            0.00
     123.950000            83.0            0.00
     234.450000            83.0            0.00
     294.550000            83.0            0.00
     438.400000            83.0            0.00
     527.500000            83.0            0.00
     573.450000            83.0            0.00
     731.650000            83.0            0.00
     841.950000            83.0            0.00
     945.600000            83.0            0.00
     153.100000            84.0            0.00
     213.550000            84.0            0.00
     333.850000            84.0            0.00
     466.450000            84.0            0.00
     614.050000            84.0            0.00
     769.100000            84.0            0.00
     885.750000            84.0            0.00
       5.900000            85.0            0.00
     166.000000            85.0            0.00
     260.100000            85.0            0.00
     423.500000            85.0            0.00
     610.400000            85.0            0.00
     752.350000            85.0            0.00
     938.400000            85.0            0.00
     375.150000            86.0            0.00
     496.200000            86.0            0.00
     623.200000            86.0            0.00
     791.900000            86.0            0.00
     903.950000            86.0            0.00
     314.750000            87.0            0.00
     403.900000            87.0            0.00
     588.700000            87.0            0.00
     735.900000            87.0            0.00
     907.800000            87.0            0.00
     989.750000            87.0            0.00
      18.700000            88.0            0.00
     144.750000            88.0            0.00
     477.200000            88.0            0.00
     591.650000            88.0            0.00
     756.950000            88.0            0.00
     826.800000            88.0            0.00
     951.750000            88.0            0.00
     221.800000            89.0            0.00
     354.750000            89.0            0.00
     492.550000            89.0            0.00
     600.300000            89.0            0.00
     694.750000            89.0            0.00
     819.950000            89.0            0.00
     944.900000            89.0            0.00
      64.050000            90.0            0.00
     207.300000            90.0            0.00
     307.500000            90.0            0.00
     438.250000            90.0            0.00
     524.850000            90.0            0.00
     702.300000            90.0            0.00
     891.650000            90.0            0.00
     214.350000            91.0            0.00
     386.400000            91.0            0.00
     584.000000            91.0            0.00
     697.300000            91.0            0.00
     809.400000            91.0            0.00
     915.950000            91.0            0.00
     988.800000            91.0            0.00
     116.800000            92.0            0.00
     177.900000            92.0            0.00
     302.350000            92.0            0.00
     452.600000            92.0            0.00
     645.700000            92.0            0.00
     797.100000            92.0            0.00
     944.300000            92.0            0.00
     586.550000            93.0            0.00
     762.900000            93.0            0.00
     911.800000            93.0            0.00
     374.800000            94.0            0.00
     484.900000            94.0            0.00
     665.700000            94.0            0.00
     783.100000            94.0            0.00
     891.050000            94.0            0.00
     116.650000            95.0            0.00
     305.200000            95.0            0.00
     505.600000            95.0            0.00
     633.950000            95.0            0.00
     724.800000            95.0            0.00
     886.650000            95.0            0.00
      22.450000            96.0            0.00
      70.500000            96.0            0.00
     164.500000            96.0            0.00
     324.100000            96.0            0.00
     500.750000            96.0            0.00
     746.050000            96.0            0.00
     940.900000            96.0            0.00
     148.300000            97.0            0.00
     293.850000            97.0            0.00
     424.450000            97.0            0.00
     629.600000            97.0            0.00
     752.600000            97.0            0.00
     895.800000            97.0            0.00
      69.800000            98.0            0.00
     142.600000            98.0            0.00
     271.500000            98.0            0.00
     390.900000            98.0            0.00
     562.050000            98.0            0.00
     715.600000            98.0            0.00
     920.550000            98.0            0.00
     990.800000            98.0            0.00
     107.750000            99.0            0.00
     243.750000            99.0            0.00
     410.800000            99.0            0.00
     535.250000            99.0            0.00
     662.950000            99.0            0.00
     760.400000            99.0            0.00
     970.700000            99.0            0.00
      41.300000           100.0            0.00
     201.850000           100.0            0.00
     356.050000           100.0            0.00
     559.150000           100.0            0.00
     720.800000           100.0            0.00
     881.750000           100.0            0.00
     295.700000           101.0            0.00
     417.050000           101.0            0.00
     518.600000           101.0            0.00
     721.200000           101.0            0.00
     791.300000           101.0            0.00
     892.300000           101.0            0.00
      67.800000           102.0            0.00
     188.300000           102.0            0.00
     350.050000           102.0            0.00
     434.650000           102.0            0.00
     516.700000           102.0            0.00
     658.300000           102.0            0.00
     878.650000           102.0            0.00
      21.650000           103.0            0.00
     179.950000           103.0            0.00
     352.100000           103.0            0.00
     507.800000           103.0            0.00
     667.200000           103.0            0.00
     759.500000           103.0            0.00
     995.100000           103.0            0.00
      60.350000           104.0            0.00
     192.100000           104.0            0.00
     305.350000           104.0            0.00
     398.350000           104.0            0.00
     537.050000           104.0            0.00
     656.750000           104.0            0.00
     893.300000           104.0            0.00
     998.050000           104.0            0.00
     148.600000           105.0            0.00
     261.200000           105.0            0.00
     338.400000           105.0            0.00
     413.300000           105.0            0.00
     553.300000           105.0            0.00
     663.050000           105.0            0.00
     710.000000           105.0            0.00
     938.300000           105.0            0.00
      59.700000           106.0            0.00
     287.950000           106.0            0.00
     395.300000           106.0            0.00
     557.650000           106.0            0.00
     706.850000           106.0            0.00
     783.050000           106.0            0.00
     928.500000           106.0            0.00
     273.700000           107.0            0.00
     400.450000           107.0            0.00
     655.450000           107.0            0.00
     821.700000           107.0            0.00
     968.200000           107.0            0.00
      70.700000           108.0            0.00
     199.700000           108.0            0.00
     386.200000           108.0            0.00
     550.500000           108.0            0.00
     722.700000           108.0            0.00
     819.200000           108.0            0.00
     867.350000           108.0            0.00
     188.000000           109.0            0.00
     330.700000           109.0            0.00
     497.000000           109.0            0.00
     721.050000           109.0            0.00
     766.700000           109.0            0.00
     930.950000           109.0            0.00
     319.300000           110.0            0.00
     460.000000           110.0            0.00
     584.450000           110.0            0.00
     690.850000           110.0            0.00
     848.900000           110.0            0.00
     982.300000           110.0            0.00
      22.600000           111.0            0.00
     110.750000           111.0            0.00
     213.800000           111.0            0.00
     306.200000           111.0            0.00
     496.700000           111.0            0.00
     587.200000           111.0            0.00
     657.700000           111.0            0.00
     771.050000           111.0            0.00
     890.400000           111.0            0.00
     109.450000           112.0            0.00
     229.850000           112.0            0.00
     321.100000           112.0            0.00
     393.950000           112.0            0.00
     524.150000           112.0            0.00
     627.700000           112.0            0.00
     825.500000           112.0            0.00
     934.650000           112.0            0.00
     436.350000           113.0            0.00
     639.550000           113.0            0.00
     787.300000           113.0            0.00
     913.400000           113.0            0.00
     211.600000           114.0            0.00
     290.950000           114.0            0.00
     378.200000           114.0            0.00
     506.700000           114.0            0.00
     653.050000           114.0            0.00
     794.500000           114.0            0.00
     928.550000           114.0            0.00
      29.450000           115.0            0.00
     260.950000           115.0            0.00
     378.050000           115.0            0.00
     539.800000           115.0            0.00
     684.900000           115.0            0.00
     853.850000           115.0            0.00
     111.850000           116.0            0.00
     264.750000           116.0            0.00
     378.950000           116.0            0.00
     507.700000           116.0            0.00
     596.250000           116.0            0.00
     753.400000           116.0            0.00
     947.100000           116.0            0.00
     539.650000           117.0            0.00
     633.550000           117.0            0.00
     744.700000           117.0            0.00
     969.000000           117.0            0.00
      99.250000           118.0            0.00
     228.050000           118.0            0.00
     335.350000           118.0            0.00
     462.100000           118.0            0.00
     537.900000           118.0            0.00
     642.450000           118.0            0.00
     741.350000           118.0            0.00
     857.250000           118.0            0.00
      49.450000           119.0            0.00
     184.150000           119.0            0.00
     417.750000           119.0            0.00
     579.150000           119.0            0.00
     677.450000           119.0            0.00
     868.000000           119.0            0.00
      80.450000           120.0            0.00
     154.800000           120.0            0.00
     265.500000           120.0            0.00
     409.800000           120.0            0.00
     552.100000           120.0            0.00
     775.500000           120.0            0.00
     895.500000           120.0            0.00
     984.400000           120.0            0.00
     294.400000           121.0            0.00
     462.350000           121.0            0.00
     633.100000           121.0            0.00
     725.600000           121.0            0.00
     891.550000           121.0            0.00
     983.850000           121.0            0.00
      93.200000           122.0            0.00
     251.350000           122.0            0.00
     348.950000           122.0            0.00
     485.050000           122.0            0.00
     702.500000           122.0            0.00
     845.250000           122.0            0.00
       1.400000           123.0            0.00
      43.750000           123.0            0.00
     245.600000           123.0            0.00
     499.450000           123.0            0.00
     595.000000           123.0            0.00
     754.950000           123.0            0.00
     882.100000           123.0            0.00
     141.250000           124.0            0.00
     266.250000           124.0            0.00
     388.500000           124.0            0.00
     550.000000           124.0            0.00
     660.250000           124.0            0.00
     830.150000           124.0            0.00
     962.900000           124.0            0.00
     269.650000           125.0            0.00
     376.300000           125.0            0.00
     475.550000           125.0            0.00
     599.250000           125.0            0.00
     112.750000           126.0            0.00
     261.200000           126.0            0.00
     463.800000           126.0            0.00
     702.950000           126.0            0.00
     890.400000           126.0            0.00
      91.250000           127.0            0.00
     166.600000           127.0            0.00
     316.900000           127.0            0.00
     459.950000           127.0            0.00
     712.200000           127.0            0.00
     842.600000           127.0            0.00
     278.000000           128.0            0.00
     391.900000           128.0            0.00
     509.300000           128.0            0.00
     630.500000           128.0            0.00
     771.800000           128.0            0.00
     906.750000           128.0            0.00
     174.600000           129.0            0.00
     366.400000           129.0            0.00
     444.400000           129.0            0.00
     553.600000           129.0            0.00
     687.100000           129.0            0.00
     887.250000           129.0            0.00
     982.900000           129.0            0.00
      57.250000           130.0            0.00
     335.700000           130.0            0.00
     453.000000           130.0            0.00
     593.750000           130.0            0.00
     701.150000           130.0            0.00
     833.300000           130.0            0.00
     928.300000           130.0            0.00
     301.900000           131.0            0.00
     527.550000           131.0            0.00
     606.550000           131.0            0.00
     715.600000           131.0            0.00
     842.200000           131.0            0.00
     970.100000           131.0            0.00
     402.350000           132.0            0.00
     531.000000           132.0            0.00
     623.150000           132.0            0.00
     769.550000           132.0            0.00
     871.000000           132.0            0.00
     977.250000           132.0            0.00
     166.400000           133.0            0.00
     322.800000           133.0            0.00
     468.300000           133.0            0.00
     539.800000           133.0            0.00
     637.000000           133.0            0.00
     842.850000           133.0            0.00
     949.000000           133.0            0.00
       5.050000           134.0            0.00
     163.050000           134.0            0.00
     299.250000           134.0            0.00
     405.700000           134.0            0.00
     505.350000           134.0            0.00
     697.000000           134.0            0.00
     834.950000           134.0            0.00
     975.050000           134.0            0.00
     323.950000           135.0            0.00
     581.850000           135.0            0.00
     702.700000           135.0            0.00
     918.750000           135.0            0.00
     148.850000           136.0            0.00
     347.600000           136.0            0.00
     456.650000           136.0            0.00
     663.250000           136.0            0.00
     784.050000           136.0            0.00
     896.800000           136.0            0.00
      11.050000           137.0            0.00
     167.500000           137.0            0.00
     319.500000           137.0            0.00
     445.300000           137.0            0.00
     651.900000           137.0            0.00
     756.150000           137.0            0.00
     826.000000           137.0            0.00
     122.150000           138.0            0.00
     252.300000           138.0            0.00
     381.700000           138.0            0.00
     514.250000           138.0            0.00
     586.650000           138.0            0.00
     746.350000           138.0            0.00
     976.150000           138.0            0.00
      10.200000           139.0            0.00
     179.400000           139.0            0.00
     280.150000           139.0            0.00
     384.700000           139.0            0.00
     587.850000           139.0            0.00
     672.750000           139.0            0.00
     732.800000           139.0            0.00
     834.850000           139.0            0.00
     122.200000           140.0            0.00
     211.750000           140.0            0.00
     323.750000           140.0            0.00
     478.800000           140.0            0.00
     677.300000           140.0            0.00
     775.750000           140.0            0.00
     955.150000           140.0            0.00
      98.700000           141.0            0.00
     200.950000           141.0            0.00
     309.750000           141.0            0.00
     413.800000           141.0            0.00
     560.300000           141.0            0.00
     692.050000           141.0            0.00
     774.600000           141.0            0.00
     887.850000           141.0            0.00
     994.150000           141.0            0.00
      77.900000           142.0            0.00
     231.150000           142.0            0.00
     324.250000           142.0            0.00
     428.250000           142.0            0.00
     519.250000           142.0            0.00
     637.900000           142.0            0.00
     808.900000           142.0            0.00
     906.800000           142.0            0.00
     995.550000           142.0            0.00
     170.650000           143.0            0.00
     271.150000           143.0            0.00
     388.850000           143.0            0.00
     492.900000           143.0            0.00
     598.300000           143.0            0.00
     751.950000           143.0            0.00
     938.450000           143.0            0.00
     133.150000           144.0            0.00
     293.850000           144.0            0.00
     461.950000           144.0            0.00
     601.150000           144.0            0.00
     750.450000           144.0            0.00
     866.300000           144.0            0.00
      57.650000           145.0            0.00
     183.050000           145.0            0.00
     273.800000           145.0            0.00
     363.600000           145.0            0.00
     535.100000           145.0            0.00
     706.300000           145.0            0.00
     876.300000           145.0            0.00
     514.200000           146.0            0.00
     630.800000           146.0            0.00
     870.200000           146.0            0.00
     966.650000           146.0            0.00
     372.850000           147.0            0.00
     515.750000           147.0            0.00
     672.350000           147.0            0.00
     745.100000           147.0            0.00
     861.250000           147.0            0.00
      47.100000           148.0            0.00
     178.250000           148.0            0.00
     345.650000           148.0            0.00
     511.600000           148.0            0.00
     619.050000           148.0            0.00
     810.900000           148.0            0.00
     979.250000           148.0            0.00
     343.500000           149.0            0.00
     438.150000           149.0            0.00
     538.450000           149.0            0.00
     682.500000           149.0            0.00
     831.700000           149.0            0.00
     995.900000           149.0            0.00
      47.050000           150.0            0.00
     157.650000           150.0            0.00
     239.100000           150.0            0.00
     385.150000           150.0            0.00
     600.850000           150.0            0.00
     724.150000           150.0            0.00
     875.600000           150.0            0.00
       1.650000           151.0            0.00
      65.100000           151.0            0.00
     134.550000           151.0            0.00
     273.150000           151.0            0.00
     427.600000           151.0            0.00
     587.300000           151.0            0.00
     738.150000           151.0            0.00
     877.350000           151.0            0.00
      90.300000           152.0            0.00
     257.600000           152.0            0.00
     514.800000           152.0            0.00
     600.300000           152.0            0.00
     699.300000           152.0            0.00
     822.500000           152.0            0.00
     968.350000           152.0            0.00
     353.800000           153.0            0.00
     504.250000           153.0            0.00
     621.850000           153.0            0.00
     785.500000           153.0            0.00
     926.600000           153.0            0.00
     181.100000           154.0            0.00
     383.050000           154.0            0.00
     500.900000           154.0            0.00
     576.200000           154.0            0.00
     718.600000           154.0            0.00
     880.800000           154.0            0.00
      66.700000           155.0            0.00
     164.500000           155.0            0.00
     295.000000           155.0            0.00
     492.200000           155.0            0.00
     612.300000           155.0            0.00
     849.600000           155.0            0.00
     933.900000           155.0            0.00
     141.250000           156.0            0.00
     230.000000           156.0            0.00
     390.400000           156.0            0.00
     534.200000           156.0            0.00
     648.550000           156.0            0.00
     838.450000           156.0            0.00
     132.000000           157.0            0.00
     274.950000           157.0            0.00
     512.000000           157.0            0.00
     656.700000           157.0            0.00
     809.150000           157.0            0.00
     927.250000           157.0            0.00
     271.850000           158.0            0.00
     421.500000           158.0            0.00
     572.250000           158.0            0.00
     815.400000           158.0            0.00
     992.000000           158.0            0.00
     519.950000           159.0            0.00
     712.250000           159.0            0.00
     824.300000           159.0            0.00
     945.550000           159.0            0.00
      31.700000           160.0            0.00
     145.500000           160.0            0.00
     298.450000           160.0            0.00
     486.400000           160.0            0.00
     676.600000           160.0            0.00
     783.150000           160.0            0.00
     878.700000           160.0            0.00
      84.000000           161.0            0.00
     278.850000           161.0            0.00
     522.700000           161.0            0.00
     627.200000           161.0            0.00
     756.000000           161.0            0.00
     994.000000           161.0            0.00
     186.300000           162.0            0.00
     419.400000           162.0            0.00
     615.650000           162.0            0.00
     803.100000           162.0            0.00
     942.450000           162.0            0.00
      87.550000           163.0            0.00
     240.550000           163.0            0.00
     442.900000           163.0            0.00
     592.200000           163.0            0.00
     701.150000           163.0            0.00
     886.700000           163.0            0.00
       8.950000           164.0            0.00
      82.900000           164.0            0.00
     219.600000           164.0            0.00
     291.500000           164.0            0.00
     405.750000           164.0            0.00
     590.050000           164.0            0.00
     723.800000           164.0            0.00
     944.550000           164.0            0.00
      72.000000           165.0            0.00
     155.600000           165.0            0.00
     329.100000           165.0            0.00
     432.300000           165.0            0.00
     633.450000           165.0            0.00
     712.150000           165.0            0.00
     836.450000           165.0            0.00
     914.650000           165.0            0.00
      44.800000           166.0            0.00
     229.000000           166.0            0.00
     359.900000           166.0            0.00
     466.900000           166.0            0.00
     643.500000           166.0            0.00
     778.750000           166.0            0.00
     948.500000           166.0            0.00
      34.550000           167.0            0.00
     216.600000           167.0            0.00
     356.200000           167.0            0.00
     485.550000           167.0            0.00
     597.400000           167.0            0.00
     663.250000           167.0            0.00
     767.300000           167.0            0.00
     957.500000           167.0            0.00
       8.650000           168.0            0.00
     162.600000           168.0            0.00
     285.500000           168.0            0.00
     442.850000           168.0            0.00
     643.500000           168.0            0.00
     788.100000           168.0            0.00
     990.750000           168.0            0.00
     387.550000           169.0            0.00
     478.250000           169.0            0.00
     647.000000           169.0            0.00
     782.800000           169.0            0.00
     904.700000           169.0            0.00
     115.400000           170.0            0.00
     249.350000           170.0            0.00
     406.500000           170.0            0.00
     539.500000           170.0            0.00
     766.450000           170.0            0.00
     904.400000           170.0            0.00
      45.200000           171.0            0.00
     207.100000           171.0            0.00
     303.750000           171.0            0.00
     392.400000           171.0            0.00
     508.400000           171.0            0.00
     667.050000           171.0            0.00
     821.950000           171.0            0.00
     924.550000           171.0            0.00
      27.800000           172.0            0.00
     133.800000           172.0            0.00
     281.850000           172.0            0.00
     436.900000           172.0            0.00
     609.300000           172.0            0.00
     764.100000           172.0            0.00
     881.250000           172.0            0.00
     575.250000           173.0            0.00
     736.700000           173.0            0.00
     915.250000           173.0            0.00
     185.100000           174.0            0.00
     339.050000           174.0            0.00
     454.150000           174.0            0.00
     654.550000           174.0            0.00
     772.750000           174.0            0.00
     961.050000           174.0            0.00
      56.300000           175.0            0.00
     102.400000           175.0            0.00
     288.400000           175.0            0.00
     462.750000           175.0            0.00
     598.300000           175.0            0.00
     732.700000           175.0            0.00
     921.400000           175.0            0.00
      19.500000           176.0            0.00
     159.750000           176.0            0.00
     288.150000           176.0            0.00
     466.200000           176.0            0.00
     559.300000           176.0            0.00
     673.300000           176.0            0.00
     770.350000           176.0            0.00
     850.250000           176.0            0.00
     936.100000           176.0            0.00
       1.850000           177.0            0.00
     181.150000           177.0            0.00
     276.250000           177.0            0.00
     364.900000           177.0            0.00
     462.250000           177.0            0.00
     595.000000           177.0            0.00
     752.550000           177.0            0.00
     940.600000           177.0            0.00
      25.900000           178.0            0.00
     199.650000           178.0            0.00
     338.200000           178.0            0.00
     459.200000           178.0            0.00
     577.450000           178.0            0.00
     753.900000           178.0            0.00
     888.150000           178.0            0.00
     975.500000           178.0            0.00
     182.350000           179.0            0.00
     338.650000           179.0            0.00
     645.550000           179.0            0.00
     739.400000           179.0            0.00
     895.850000           179.0            0.00
     160.300000           180.0            0.00
     264.000000           180.0            0.00
     418.500000           180.0            0.00
     594.400000           180.0            0.00
     719.850000           180.0            0.00
     969.150000           180.0            0.00
     356.800000           181.0            0.00
     435.450000           181.0            0.00
     647.850000           181.0            0.00
     748.400000           181.0            0.00
     899.000000           181.0            0.00
     150.150000           182.0            0.00
     278.350000           182.0            0.00
     404.950000           182.0            0.00
     574.900000           182.0            0.00
     754.850000           182.0            0.00
     840.000000           182.0            0.00
     919.000000           182.0            0.00
      84.300000           183.0            0.00
     210.550000           183.0            0.00
     401.350000           183.0            0.00
     482.900000           183.0            0.00
     585.600000           183.0            0.00
     792.000000           183.0            0.00
     881.250000           183.0            0.00
     952.650000           183.0            0.00
      16.850000           184.0            0.00
     148.800000           184.0            0.00
     251.850000           184.0            0.00
     426.450000           184.0            0.00
     505.450000           184.0            0.00
     681.550000           184.0            0.00
     799.550000           184.0            0.00
     960.650000           184.0            0.00
     314.000000           185.0            0.00
     462.150000           185.0            0.00
     591.950000           185.0            0.00
     744.400000           185.0            0.00
     903.350000           185.0            0.00
      69.700000           186.0            0.00
     145.850000           186.0            0.00
     239.900000           186.0            0.00
     355.100000           186.0            0.00
     484.700000           186.0            0.00
     539.200000           186.0            0.00
     677.100000           186.0            0.00
     786.200000           186.0            0.00
     941.000000           186.0            0.00
      73.300000           187.0            0.00
     248.950000           187.0            0.00
     339.100000           187.0            0.00
     449.750000           187.0            0.00
     599.200000           187.0            0.00
     791.100000           187.0            0.00
     982.950000           187.0            0.00
     290.500000           188.0            0.00
     458.100000           188.0            0.00
     676.850000           188.0            0.00
     836.600000           188.0            0.00
     920.850000           188.0            0.00
      20.100000           189.0            0.00
     101.950000           189.0            0.00
     231.100000           189.0            0.00
     382.450000           189.0            0.00
     539.800000           189.0            0.00
     695.800000           189.0            0.00
     883.200000           189.0            0.00
      22.300000           190.0            0.00
     161.750000           190.0            0.00
     229.750000           190.0            0.00
     418.000000           190.0            0.00
     567.400000           190.0            0.00
     764.300000           190.0            0.00
     893.150000           190.0            0.00
     780.200000           191.0            0.00
     985.750000           191.0            0.00
      89.600000           192.0            0.00
     209.750000           192.0            0.00
     329.050000           192.0            0.00
     405.200000           192.0            0.00
     576.350000           192.0            0.00
     735.200000           192.0            0.00
     937.350000           192.0            0.00
     314.450000           193.0            0.00
     423.950000           193.0            0.00
     571.400000           193.0            0.00
     745.900000           193.0            0.00
     870.600000           193.0            0.00
      29.350000           194.0            0.00
     160.200000           194.0            0.00
     398.050000           194.0            0.00
     531.100000           194.0            0.00
     691.350000           194.0            0.00
     768.450000           194.0            0.00
     947.350000           194.0            0.00
     366.200000           195.0            0.00
     562.300000           195.0            0.00
     741.350000           195.0            0.00
     838.350000           195.0            0.00
     985.200000           195.0            0.00
      34.950000           196.0            0.00
     160.250000           196.0            0.00
     451.250000           196.0            0.00
     580.400000           196.0            0.00
     769.900000           196.0            0.00
     918.950000           196.0            0.00
     120.700000           197.0            0.00
     291.050000           197.0            0.00
     451.400000           197.0            0.00
     547.950000           197.0            0.00
     613.600000           197.0            0.00
     760.350000           197.0            0.00
     871.800000           197.0            0.00
     971.150000           197.0            0.00
     167.350000           198.0            0.00
     351.400000           198.0            0.00
     460.850000           198.0            0.00
     572.300000           198.0            0.00
     699.950000           198.0            0.00
     897.100000           198.0            0.00
      97.400000           199.0            0.00
     242.350000           199.0            0.00
     305.150000           199.0            0.00
     489.400000           199.0            0.00
     628.350000           199.0            0.00
     755.450000           199.0            0.00
     919.250000           199.0            0.00
      44.750000           200.0            0.00
     144.550000           200.0            0.00
     230.200000           200.0            0.00
     364.400000           200.0            0.00
     548.100000           200.0            0.00
     661.400000           200.0            0.00
     817.450000           200.0            0.00
     225.200000           201.0            0.00
     343.850000           201.0            0.00
     465.000000           201.0            0.00
     641.000000           201.0            0.00
     766.200000           201.0            0.00
     873.700000           201.0            0.00
     276.800000           202.0            0.00
     467.950000           202.0            0.00
     670.750000           202.0            0.00
     828.450000           202.0            0.00
     955.650000           202.0            0.00
      30.850000           203.0            0.00
     132.150000           203.0            0.00
     191.100000           203.0            0.00
     319.600000           203.0            0.00
     537.850000           203.0            0.00
     705.050000           203.0            0.00
     764.450000           203.0            0.00
     884.550000           203.0            0.00
     943.150000           203.0            0.00
     202.750000           204.0            0.00
     334.900000           204.0            0.00
     483.800000           204.0            0.00
     589.600000           204.0            0.00
     707.050000           204.0            0.00
     897.900000           204.0            0.00
      63.400000           205.0            0.00
     224.350000           205.0            0.00
     331.450000           205.0            0.00
     486.200000           205.0            0.00
     592.450000           205.0            0.00
     762.400000           205.0            0.00
     872.550000           205.0            0.00
      23.400000           206.0            0.00
     124.400000           206.0            0.00
     220.800000           206.0            0.00
     329.800000           206.0            0.00
     430.950000           206.0            0.00
     655.750000           206.0            0.00
     771.750000           206.0            0.00
     848.000000           206.0            0.00
     932.650000           206.0            0.00
      18.800000           207.0            0.00
     163.150000           207.0            0.00
     334.200000           207.0            0.00
     570.050000           207.0            0.00
     831.900000           207.0            0.00
     972.050000           207.0            0.00
     567.000000           208.0            0.00
     728.250000           208.0            0.00
     802.250000           208.0            0.00
     954.600000           208.0            0.00
     109.900000           209.0            0.00
     251.050000           209.0            0.00
     300.300000           209.0            0.00
     405.050000           209.0            0.00
     563.900000           209.0            0.00
     724.800000           209.0            0.00
     807.450000           209.0            0.00
     934.450000           209.0            0.00
      78.200000           210.0            0.00
     192.750000           210.0            0.00
     312.750000           210.0            0.00
     429.250000           210.0            0.00
     521.250000           210.0            0.00
     556.550000           210.0            0.00
     652.500000           210.0            0.00
     804.250000           210.0            0.00
     201.450000           211.0            0.00
     366.400000           211.0            0.00
     466.950000           211.0            0.00
     614.950000           211.0            0.00
     791.100000           211.0            0.00
     855.600000           211.0            0.00
     957.850000           211.0            0.00
     113.000000           212.0            0.00
     250.750000           212.0            0.00
     332.050000           212.0            0.00
     446.600000           212.0            0.00
     580.050000           212.0            0.00
     698.050000           212.0            0.00
     816.650000           212.0            0.00
     921.250000           212.0            0.00
     143.500000           213.0            0.00
     274.050000           213.0            0.00
     406.150000           213.0            0.00
     510.050000           213.0            0.00
     616.750000           213.0            0.00
     760.850000           213.0            0.00
     889.100000           213.0            0.00
     993.100000           213.0            0.00
      53.400000           214.0            0.00
     135.650000           214.0            0.00
     277.700000           214.0            0.00
     428.000000           214.0            0.00
     591.850000           214.0            0.00
     744.050000           214.0            0.00
     958.000000           214.0            0.00
      25.450000           215.0            0.00
     142.750000           215.0            0.00
     290.400000           215.0            0.00
     461.650000           215.0            0.00
     663.450000           215.0            0.00
     886.350000           215.0            0.00
     982.100000           215.0            0.00
     161.800000           216.0            0.00
     274.650000           216.0            0.00
     437.800000           216.0            0.00
     549.350000           216.0            0.00
     680.650000           216.0            0.00
     779.300000           216.0            0.00
     879.400000           216.0            0.00
     960.850000           216.0            0.00
     277.200000           217.0            0.00
     412.050000           217.0            0.00
     533.500000           217.0            0.00
     659.000000           217.0            0.00
     752.750000           217.0            0.00
     855.000000           217.0            0.00
       3.100000           218.0            0.00
     131.400000           218.0            0.00
     224.650000           218.0            0.00
     513.000000           218.0            0.00
     614.000000           218.0            0.00
     789.100000           218.0            0.00
     919.400000           218.0            0.00
       6.950000           219.0            0.00
     138.500000           219.0            0.00
     300.950000           219.0            0.00
     392.400000           219.0            0.00
     563.350000           219.0            0.00
     734.400000           219.0            0.00
     907.500000           219.0            0.00
      36.450000           220.0            0.00
     177.350000           220.0            0.00
     306.100000           220.0            0.00
     410.850000           220.0            0.00
     616.700000           220.0            0.00
     812.150000           220.0            0.00
     137.550000           221.0            0.00
     299.900000           221.0            0.00
     457.700000           221.0            0.00
     540.250000           221.0            0.00
     652.600000           221.0            0.00
     770.350000           221.0            0.00
     985.500000           221.0            0.00
      62.000000           222.0            0.00
     196.150000           222.0            0.00
     436.400000           222.0            0.00
     506.750000           222.0            0.00
     654.550000           222.0            0.00
     790.750000           222.0            0.00
     906.400000           222.0            0.00
       5.900000           223.0            0.00
     160.750000           223.0            0.00
     234.100000           223.0            0.00
     393.500000           223.0            0.00
     564.950000           223.0            0.00
     672.950000           223.0            0.00
     792.000000           223.0            0.00
     931.400000           223.0            0.00
     145.350000           224.0            0.00
     292.200000           224.0            0.00
     499.400000           224.0            0.00
     601.600000           224.0            0.00
     726.300000           224.0            0.00
     903.100000           224.0            0.00
      71.650000           225.0            0.00
     191.250000           225.0            0.00
     390.550000           225.0            0.00
     488.600000           225.0            0.00
     632.300000           225.0            0.00
     741.800000           225.0            0.00
     892.500000           225.0            0.00
      37.300000           226.0            0.00
     116.650000           226.0            0.00
     265.050000           226.0            0.00
     371.350000           226.0            0.00
     551.400000           226.0            0.00
     640.750000           226.0            0.00
     781.500000           226.0            0.00
     848.150000           226.0            0.00
     965.850000           226.0            0.00
      90.600000           227.0            0.00
     174.300000           227.0            0.00
     298.100000           227.0            0.00
     485.350000           227.0            0.00
     632.000000           227.0            0.00
     778.850000           227.0            0.00
     872.050000           227.0            0.00
     992.150000           227.0            0.00
     303.150000           228.0            0.00
     437.100000           228.0            0.00
     604.000000           228.0            0.00
     695.550000           228.0            0.00
     902.000000           228.0            0.00
     116.100000           229.0            0.00
     178.200000           229.0            0.00
     230.400000           229.0            0.00
     401.000000           229.0            0.00
     492.450000           229.0            0.00
     592.350000           229.0            0.00
     765.950000           229.0            0.00
     922.200000           229.0            0.00
      67.850000           230.0            0.00
     170.400000           230.0            0.00
     355.000000           230.0            0.00
     491.150000           230.0            0.00
     630.400000           230.0            0.00
     733.850000           230.0            0.00
     870.250000           230.0            0.00
      36.900000           231.0            0.00
     191.200000           231.0            0.00
     288.250000           231.0            0.00
     389.500000           231.0            0.00
     482.000000           231.0            0.00
     572.100000           231.0            0.00
     777.400000           231.0            0.00
     890.600000           231.0            0.00
     968.300000           231.0            0.00
      69.650000           232.0            0.00
     189.900000           232.0            0.00
     359.250000           232.0            0.00
     455.350000           232.0            0.00
     642.400000           232.0            0.00
     802.600000           232.0            0.00
     967.350000           232.0            0.00
     152.400000           233.0            0.00
     276.900000           233.0            0.00
     369.900000           233.0            0.00
     562.950000           233.0            0.00
     724.600000           233.0            0.00
     850.000000           233.0            0.00
     940.750000           233.0            0.00
      23.850000           234.0            0.00
     140.000000           234.0            0.00
     214.300000           234.0            0.00
     390.500000           234.0            0.00
     506.250000           234.0            0.00
     628.850000           234.0            0.00
     830.550000           234.0            0.00
     922.450000           234.0            0.00
      36.100000           235.0            0.00
     166.100000           235.0            0.00
     402.000000           235.0            0.00
     436.200000           235.0            0.00
     573.250000           235.0            0.00
     735.950000           235.0            0.00
     893.050000           235.0            0.00
     962.100000           235.0            0.00
     366.500000           236.0            0.00
     443.150000           236.0            0.00
     605.300000           236.0            0.00
     698.850000           236.0            0.00
     817.300000           236.0            0.00
     955.350000           236.0            0.00
     204.650000           237.0            0.00
     396.850000           237.0            0.00
     468.650000           237.0            0.00
     539.050000           237.0            0.00
     692.000000           237.0            0.00
     979.300000           237.0            0.00
     233.650000           238.0            0.00
     345.000000           238.0            0.00
     401.450000           238.0            0.00
     579.050000           238.0            0.00
     672.350000           238.0            0.00
     833.050000           238.0            0.00
     946.900000           238.0            0.00
     112.050000           239.0            0.00
     310.000000           239.0            0.00
     399.200000           239.0            0.00
     580.600000           239.0            0.00
     722.450000           239.0            0.00
     974.350000           239.0            0.00
     149.550000           240.0            0.00
     268.650000           240.0            0.00
     500.250000           240.0            0.00
     706.300000           240.0            0.00
     893.500000           240.0            0.00
      28.800000           241.0            0.00
     211.900000           241.0            0.00
     309.450000           241.0            0.00
     469.200000           241.0            0.00
     606.000000           241.0            0.00
     710.500000           241.0            0.00
     169.400000           242.0            0.00
     285.450000           242.0            0.00
     428.850000           242.0            0.00
     645.600000           242.0            0.00
     777.100000           242.0            0.00
     980.600000           242.0            0.00
      21.250000           243.0            0.00
     183.800000           243.0            0.00
     307.850000           243.0            0.00
     470.300000           243.0            0.00
     565.600000           243.0            0.00
     744.900000           243.0            0.00
     955.550000           243.0            0.00
      63.400000           244.0            0.00
     255.950000           244.0            0.00
     437.100000           244.0            0.00
     538.750000           244.0            0.00
     669.900000           244.0            0.00
     784.500000           244.0            0.00
     918.500000           244.0            0.00
     214.550000           245.0            0.00
     316.050000           245.0            0.00
     422.850000           245.0            0.00
     588.600000           245.0            0.00
     790.800000           245.0            0.00
     941.750000           245.0            0.00
     192.050000           246.0            0.00
     368.900000           246.0            0.00
     583.050000           246.0            0.00
     709.250000           246.0            0.00
     892.450000           246.0            0.00
     299.300000           247.0            0.00
     379.100000           247.0            0.00
     535.650000           247.0            0.00
     670.400000           247.0            0.00
     849.000000           247.0            0.00
     208.600000           248.0            0.00
     351.300000           248.0            0.00
     414.600000           248.0            0.00
     581.000000           248.0            0.00
     765.900000           248.0            0.00
     875.750000           248.0            0.00
      68.300000           249.0            0.00
     179.900000           249.0            0.00
     469.700000           249.0            0.00
     573.500000           249.0            0.00
     668.050000           249.0            0.00
     848.250000           249.0            0.00
     988.000000           249.0            0.00
     538.100000           250.0            0.00
     630.600000           250.0            0.00
     673.750000           250.0            0.00
     784.500000           250.0            0.00
     910.100000           250.0            0.00
     547.300000           251.0            0.00
     670.550000           251.0            0.00
     860.200000           251.0            0.00
      64.000000           252.0            0.00
     153.150000           252.0            0.00
     306.650000           252.0            0.00
     451.200000           252.0            0.00
     596.200000           252.0            0.00
     755.300000           252.0            0.00
     853.400000           252.0            0.00
     103.000000           253.0            0.00
     187.400000           253.0            0.00
     396.600000           253.0            0.00
     511.750000           253.0            0.00
     741.000000           253.0            0.00
     847.300000           253.0            0.00
     941.550000           253.0            0.00
      41.650000           254.0            0.00
     161.450000           254.0            0.00
     302.450000           254.0            0.00
     437.650000           254.0            0.00
     508.750000           254.0            0.00
     652.450000           254.0            0.00
     787.750000           254.0            0.00
     934.000000           254.0            0.00
     290.300000           255.0            0.00
     479.550000           255.0            0.00
     659.750000           255.0            0.00
     789.200000           255.0            0.00
     984.800000           255.0            0.00
      54.500000           256.0            0.00
     152.500000           256.0            0.00
     286.150000           256.0            0.00
     513.900000           256.0            0.00
     654.400000           256.0            0.00
     757.100000           256.0            0.00
     863.000000           256.0            0.00
     247.600000           257.0            0.00
     391.050000           257.0            0.00
     498.500000           257.0            0.00
     603.450000           257.0            0.00
     755.250000           257.0            0.00
     896.900000           257.0            0.00
      80.100000           258.0            0.00
     153.100000           258.0            0.00
     228.200000           258.0            0.00
     376.600000           258.0            0.00
     480.350000           258.0            0.00
     551.100000           258.0            0.00
     663.050000           258.0            0.00
     811.750000           258.0            0.00
     949.800000           258.0            0.00
      58.700000           259.0            0.00
     190.750000           259.0            0.00
     457.500000           259.0            0.00
     565.150000           259.0            0.00
     661.300000           259.0            0.00
     814.450000           259.0            0.00
     120.600000           260.0            0.00
     252.750000           260.0            0.00
     377.350000           260.0            0.00
     489.850000           260.0            0.00
     684.650000           260.0            0.00
     805.950000           260.0            0.00
     980.350000           260.0            0.00
     162.150000           261.0            0.00
     318.300000           261.0            0.00
     465.900000           261.0            0.00
     545.350000           261.0            0.00
     612.400000           261.0            0.00
     751.950000           261.0            0.00
     877.800000           261.0            0.00
     960.800000           261.0            0.00
      88.200000           262.0            0.00
     178.250000           262.0            0.00
     461.450000           262.0            0.00
     616.600000           262.0            0.00
     787.650000           262.0            0.00
     977.100000           262.0            0.00
     324.150000           263.0            0.00
     533.500000           263.0            0.00
     621.200000           263.0            0.00
     736.350000           263.0            0.00
     900.400000           263.0            0.00
      14.900000           264.0            0.00
     197.350000           264.0            0.00
     399.750000           264.0            0.00
     500.950000           264.0            0.00
     642.950000           264.0            0.00
     785.300000           264.0            0.00
     926.100000           264.0            0.00
      33.150000           265.0            0.00
     206.050000           265.0            0.00
     382.400000           265.0            0.00
     505.950000           265.0            0.00
     598.200000           265.0            0.00
     740.250000           265.0            0.00
     917.300000           265.0            0.00
     411.700000           266.0            0.00
     490.650000           266.0            0.00
     651.600000           266.0            0.00
     753.200000           266.0            0.00
     855.450000           266.0            0.00
     960.250000           266.0            0.00
      36.700000           267.0            0.00
     230.450000           267.0            0.00
     327.750000           267.0            0.00
     459.450000           267.0            0.00
     600.850000           267.0            0.00
     707.700000           267.0            0.00
     868.600000           267.0            0.00
     948.200000           267.0            0.00
      79.350000           268.0            0.00
     229.350000           268.0            0.00
     322.900000           268.0            0.00
     519.000000           268.0            0.00
     632.000000           268.0            0.00
     852.700000           268.0            0.00
      75.700000           269.0            0.00
     159.850000           269.0            0.00
     307.700000           269.0            0.00
     437.000000           269.0            0.00
     543.450000           269.0            0.00
     678.350000           269.0            0.00
     761.000000           269.0            0.00
     934.850000           269.0            0.00
      96.800000           270.0            0.00
     226.650000           270.0            0.00
     311.750000           270.0            0.00
     446.000000           270.0            0.00
     547.300000           270.0            0.00
     667.350000           270.0            0.00
     729.250000           270.0            0.00
     914.800000           270.0            0.00
     296.900000           271.0            0.00
     525.600000           271.0            0.00
     636.650000           271.0            0.00
     760.750000           271.0            0.00
     840.850000           271.0            0.00
      44.250000           272.0            0.00
     204.600000           272.0            0.00
     298.050000           272.0            0.00
     399.350000           272.0            0.00
     608.850000           272.0            0.00
     784.150000           272.0            0.00
     960.750000           272.0            0.00
      88.500000           273.0            0.00
     194.550000           273.0            0.00
     357.050000           273.0            0.00
     515.400000           273.0            0.00
     649.250000           273.0            0.00
     798.800000           273.0            0.00
     261.250000           274.0            0.00
     389.850000           274.0            0.00
     506.850000           274.0            0.00
     609.950000           274.0            0.00
     712.600000           274.0            0.00
     955.200000           274.0            0.00
      26.700000           275.0            0.00
     153.800000           275.0            0.00
     301.400000           275.0            0.00
     428.150000           275.0            0.00
     585.800000           275.0            0.00
     730.850000           275.0            0.00
     815.100000           275.0            0.00
     991.700000           275.0            0.00
      14.200000           276.0            0.00
     173.650000           276.0            0.00
     380.850000           276.0            0.00
     531.800000           276.0            0.00
     688.400000           276.0            0.00
     830.650000           276.0            0.00
     957.400000           276.0            0.00
     292.650000           277.0            0.00
     436.200000           277.0            0.00
     559.600000           277.0            0.00
     734.500000           277.0            0.00
     864.900000           277.0            0.00
     978.250000           277.0            0.00
      71.850000           278.0            0.00
     245.500000           278.0            0.00
     352.800000           278.0            0.00
     437.850000           278.0            0.00
     603.150000           278.0            0.00
     852.300000           278.0            0.00
     936.700000           278.0            0.00
     114.950000           279.0            0.00
     239.050000           279.0            0.00
     340.100000           279.0            0.00
     464.850000           279.0            0.00
     607.100000           279.0            0.00
     782.100000           279.0            0.00
     911.300000           279.0            0.00
     332.350000           280.0            0.00
     450.900000           280.0            0.00
     532.300000           280.0            0.00
     663.200000           280.0            0.00
     757.100000           280.0            0.00
     896.750000           280.0            0.00
      59.300000           281.0            0.00
     253.000000           281.0            0.00
     339.800000           281.0            0.00
     424.200000           281.0            0.00
     512.500000           281.0            0.00
     715.800000           281.0            0.00
     822.850000           281.0            0.00
     994.400000           281.0            0.00
     129.350000           282.0            0.00
     278.100000           282.0            0.00
     404.200000           282.0            0.00
     533.450000           282.0            0.00
     648.550000           282.0            0.00
     770.700000           282.0            0.00
     835.950000           282.0            0.00
     982.450000           282.0            0.00
      69.650000           283.0            0.00
     235.100000           283.0            0.00
     424.850000           283.0            0.00
     552.450000           283.0            0.00
     752.100000           283.0            0.00
     906.450000           283.0            0.00
      17.100000           284.0            0.00
      96.000000           284.0            0.00
     244.050000           284.0            0.00
     404.750000           284.0            0.00
     487.100000           284.0            0.00
     638.650000           284.0            0.00
     779.650000           284.0            0.00
     915.800000           284.0            0.00
     174.650000           285.0            0.00
     316.400000           285.0            0.00
     418.650000           285.0            0.00
     504.850000           285.0            0.00
     667.200000           285.0            0.00
     718.500000           285.0            0.00
     884.550000           285.0            0.00
     120.100000           286.0            0.00
     323.000000           286.0            0.00
     449.650000           286.0            0.00
     581.850000           286.0            0.00
     764.250000           286.0            0.00
     932.600000           286.0            0.00
      70.650000           287.0            0.00
     212.900000           287.0            0.00
     305.300000           287.0            0.00
     464.100000           287.0            0.00
     594.450000           287.0            0.00
     709.100000           287.0            0.00
     819.550000           287.0            0.00
     936.500000           287.0            0.00
       8.550000           288.0            0.00
      74.050000           288.0            0.00
     214.150000           288.0            0.00
     356.850000           288.0            0.00
     457.050000           288.0            0.00
     579.450000           288.0            0.00
     675.200000           288.0            0.00
     812.700000           288.0            0.00
     987.300000           288.0            0.00
     313.450000           289.0            0.00
     434.850000           289.0            0.00
     612.900000           289.0            0.00
     789.650000           289.0            0.00
     950.150000           289.0            0.00
     126.700000           290.0            0.00
     258.800000           290.0            0.00
     341.200000           290.0            0.00
     474.600000           290.0            0.00
     608.350000           290.0            0.00
     759.700000           290.0            0.00
     868.000000           290.0            0.00
     981.600000           290.0            0.00
     150.450000           291.0            0.00
     269.300000           291.0            0.00
     420.000000           291.0            0.00
     584.200000           291.0            0.00
     759.700000           291.0            0.00
     889.550000           291.0            0.00
      16.300000           292.0            0.00
      97.700000           292.0            0.00
     199.150000           292.0            0.00
     378.600000           292.0            0.00
     553.400000           292.0            0.00
     642.750000           292.0            0.00
     779.900000           292.0            0.00
     168.550000           293.0            0.00
     382.950000           293.0            0.00
     579.800000           293.0            0.00
     721.750000           293.0            0.00
     812.150000           293.0            0.00
     954.700000           293.0            0.00
      36.800000           294.0            0.00
     250.650000           294.0            0.00
     409.400000           294.0            0.00
     576.000000           294.0            0.00
     737.500000           294.0            0.00
     838.350000           294.0            0.00
     231.700000           295.0            0.00
     337.050000           295.0            0.00
     509.450000           295.0            0.00
     664.750000           295.0            0.00
     725.850000           295.0            0.00
     838.750000           295.0            0.00
     983.700000           295.0            0.00
      26.250000           296.0            0.00
     177.250000           296.0            0.00
     383.200000           296.0            0.00
     501.850000           296.0            0.00
     772.450000           296.0            0.00
     931.150000           296.0            0.00
      18.850000           297.0            0.00
     153.100000           297.0            0.00
     222.400000           297.0            0.00
     342.200000           297.0            0.00
     544.500000           297.0            0.00
     643.600000           297.0            0.00
     875.200000           297.0            0.00
     954.300000           297.0            0.00
       2.750000           298.0            0.00
     114.850000           298.0            0.00
     232.900000           298.0            0.00
     465.500000           298.0            0.00
     594.400000           298.0            0.00
     811.400000           298.0            0.00
     982.950000           298.0            0.00
     131.950000           299.0            0.00
     216.900000           299.0            0.00
     311.600000           299.0            0.00
     544.450000           299.0            0.00
     707.550000           299.0            0.00
     845.600000           299.0            0.00
     986.550000           299.0            0.00
     183.350000           300.0            0.00
     275.750000           300.0            0.00
     497.950000           300.0            0.00
     607.650000           300.0            0.00
     691.350000           300.0            0.00
     848.500000           300.0            0.00
     956.300000           300.0            0.00
